0.5 0.5 0.5 0.5 0.5 0.5 0.5 0.5 0.5 0.5 0.5 0.5 0.5 0.5 0.5 0.5 0.5 0.5 0.5 0.5 0.5 0.5 1.0
0.67 0.67 0.67 0.67 0.67 0.67 0.67 0.67
6.4010072
0.5 0.5 0.5 0.5 0.5 0.5 0.5 0.5 0.5 0.5 0.5 0.5 0.5 0.5 0.5 0.5 0.5 0.5 0.5 0.5 0.5 0.5 1.0
0.67 0.67 0.67 0.67 0.67 0.67 0.67 0.67
6.4010072
0.5 0.5 0.5 0.5 0.5 0.5 0.5 0.5 0.5 0.5 0.5 0.5 0.5 0.5 0.5 0.5 0.5 0.5 0.5 0.5 0.5 0.5 1.0
0.67 0.67 0.67 0.67 0.67 0.67 0.67 0.67
6.4010072
0.5 0.5 0.5 0.5 0.5 0.5 0.5 0.5 0.5 0.5 0.5 0.5 0.5 0.5 0.5 0.5 0.5 0.5 0.5 0.5 0.5 0.5 1.0
0.67 0.67 0.67 0.67 0.67 0.67 0.67 1.0
6.532284
0.5 0.5 0.5 0.5 0.5 0.5 0.5 0.5 0.5 0.5 0.5 0.5 0.5 0.5 0.5 0.5 0.5 0.5 0.5 0.5 0.5 0.5 1.0
0.67 0.67 0.67 0.67 0.67 0.67 0.67 1.0
6.532284
0.5 0.5 0.5 0.5 0.5 0.5 0.5 0.5 0.5 0.5 0.5 0.5 0.5 0.5 0.5 0.5 0.5 0.5 0.5 0.5 0.5 0.5 1.0
0.67 0.67 0.67 0.67 0.67 0.67 1.0 1.0
6.6637656
0.5 0.5 0.5 0.5 0.5 0.5 0.5 0.5 0.5 0.5 0.5 0.5 0.5 0.5 0.5 0.5 0.5 0.5 0.5 0.5 0.5 0.5 1.0
0.67 0.67 1.0 0.67 0.67 1.0 0.67 0.67
6.66438
0.5 1.0 0.5 0.5 0.5 0.5 0.5 0.5 0.5 0.5 0.5 0.5 0.5 0.5 0.5 0.5 0.5 0.5 0.5 0.5 0.5 0.5 1.0
0.67 0.67 0.67 0.67 0.67 0.67 0.67 0.67
6.6901848
0.5 0.5 0.5 0.5 0.5 0.5 1.0 0.5 0.5 0.5 0.5 0.5 0.5 0.5 1.0 0.5 0.5 1.0 0.5 0.5 0.5 0.5 1.0
0.67 0.67 0.67 0.67 0.67 0.67 0.67 0.67
6.7948376
0.5 0.5 0.5 0.75 0.5 0.5 0.5 0.5 0.5 0.5 0.5 0.5 0.5 0.5 0.5 0.5 0.5 0.5 0.5 0.5 0.5 0.5 1.0
0.67 0.67 1.0 0.67 0.67 1.0 0.67 0.67
6.808764
0.5 0.5 0.5 0.5 0.5 0.5 1.0 0.5 0.5 0.5 0.5 0.5 0.5 0.5 1.0 0.5 0.5 1.0 0.5 0.5 0.5 0.5 1.0
0.67 0.67 0.67 0.67 0.67 0.67 0.67 1.0
6.9261144
0.5 0.5 0.5 0.5 0.5 0.5 0.5 0.5 0.5 0.5 0.5 0.5 0.5 0.5 0.5 0.5 0.5 0.5 0.5 0.5 0.5 0.5 1.0
0.67 1.0 1.0 0.67 1.0 1.0 0.67 0.67
6.9277528
0.5 0.5 0.5 0.75 0.5 0.5 0.5 0.5 0.5 0.5 0.5 0.5 0.5 0.5 0.5 0.5 0.5 0.5 0.5 0.5 0.5 0.5 1.0
0.67 0.67 0.67 1.0 1.0 0.67 0.67 1.0
6.9394264
0.5 0.5 0.5 0.5 0.5 0.5 0.5 0.5 1.0 0.75 0.5 0.5 1.0 0.5 0.5 0.5 1.0 1.0 0.5 0.5 0.75 0.5 1.0
0.67 0.67 0.67 0.67 0.67 0.67 1.0 1.0
7.018172
0.5 0.5 0.5 0.5 0.5 0.5 1.0 0.5 0.5 0.5 0.5 0.5 0.5 0.5 1.0 0.5 0.5 1.0 0.5 0.5 0.5 0.5 1.0
0.67 0.67 0.67 0.67 0.67 1.0 1.0 0.67
7.0582104
0.5 0.5 0.5 0.5 0.5 0.75 0.5 0.5 0.5 0.5 0.5 0.5 0.5 0.5 0.5 0.5 0.5 0.5 0.5 0.5 0.5 0.5 1.0
0.67 0.67 1.0 1.0 0.67 1.0 1.0 0.67
7.0583128
0.5 0.5 0.5 0.5 0.5 0.75 0.5 0.5 0.5 0.5 0.5 0.5 0.5 0.5 0.5 0.5 0.5 0.5 0.5 0.5 0.5 0.5 1.0
0.67 1.0 1.0 0.67 1.0 1.0 0.67 0.67
7.0589272
0.5 0.5 0.5 0.5 0.5 0.75 0.5 0.5 0.5 0.5 0.5 0.5 0.5 0.5 0.5 0.5 0.5 0.5 0.5 0.5 0.5 0.5 1.0
1.0 1.0 1.0 0.67 0.67 1.0 0.67 0.67
7.060156
0.5 0.5 0.5 0.75 0.5 0.5 0.5 0.5 0.5 0.5 0.5 0.5 0.5 0.5 0.5 0.5 0.5 0.5 0.5 0.5 0.5 0.5 1.0
0.67 1.0 1.0 0.67 1.0 1.0 0.67 0.67
7.0721368
0.5 1.0 0.5 0.5 0.5 0.5 0.5 0.5 0.5 0.5 0.5 0.5 0.5 0.5 0.5 0.5 0.5 0.5 0.5 0.5 0.5 0.5 1.0
0.67 0.67 0.67 1.0 1.0 0.67 0.67 1.0
7.08422
0.5 1.0 0.5 0.5 0.5 0.5 0.5 0.5 0.5 0.5 0.5 0.5 0.5 0.5 0.5 0.5 0.5 0.5 0.5 0.5 0.5 0.5 1.0
0.67 0.67 1.0 1.0 1.0 0.67 1.0 0.67
7.2159064
0.5 0.5 0.5 0.5 0.5 0.5 0.5 0.5 1.0 0.75 0.5 0.5 1.0 0.5 0.5 0.5 1.0 1.0 0.5 0.5 0.75 0.5 1.0
1.0 1.0 1.0 0.67 0.67 1.0 0.67 0.67
7.283388
0.5 0.5 0.5 0.5 0.5 0.75 0.5 0.5 0.5 0.5 0.5 0.5 0.5 0.5 0.5 0.5 0.5 0.5 0.5 0.5 0.5 0.5 1.0
1.0 1.0 1.0 0.67 0.67 1.0 1.0 1.0
7.3229144
0.5 0.5 0.5 0.75 0.5 0.5 0.5 0.5 0.5 0.5 0.5 0.5 0.5 0.5 0.5 0.5 0.5 0.5 0.5 0.5 0.5 0.5 1.0
1.0 1.0 1.0 1.0 1.0 1.0 1.0 0.67
7.4676056
0.5 0.5 0.5 0.5 0.5 0.5 0.5 0.5 0.5 0.5 0.5 0.5 0.5 0.5 0.5 0.5 0.5 0.5 0.5 0.5 0.5 1.0 1.0
0.67 0.67 0.67 0.67 0.67 0.67 0.67 0.67
7.4896216
0.5 0.5 0.5 0.5 0.5 0.5 0.5 0.5 1.0 0.75 0.5 0.5 1.0 0.5 0.5 0.5 1.0 1.0 0.5 0.5 0.75 0.5 1.0
1.0 1.0 1.0 0.67 1.0 0.67 1.0 1.0
7.5457368
0.5 0.5 0.75 0.5 0.5 0.75 0.5 0.75 0.5 0.5 0.5 0.5 0.5 0.75 0.5 0.5 0.5 0.5 0.5 0.5 0.5 0.5 1.0
0.67 0.67 0.67 0.67 0.67 0.67 0.67 0.67
7.5634008
0.5 1.0 0.5 0.5 0.5 0.5 0.5 0.5 0.5 0.5 0.5 0.5 0.5 0.5 0.5 0.5 0.5 0.5 0.5 0.5 0.5 0.5 1.0
1.0 1.0 1.0 1.0 1.0 0.67 1.0 1.0
7.6117848
0.5 0.5 0.5 0.5 0.5 0.5 0.75 0.5 0.5 0.5 1.0 0.5 0.5 0.75 0.5 0.5 0.5 0.5 0.5 0.5 0.5 1.0 1.0
0.67 0.67 0.67 0.67 0.67 0.67 0.67 0.67
7.6603224
0.5 0.5 0.5 0.5 0.5 0.5 0.5 0.5 1.0 0.75 0.5 0.5 1.0 0.5 0.5 0.5 1.0 1.0 0.5 0.5 0.75 0.5 1.0
1.0 1.0 1.0 1.0 1.0 1.0 1.0 0.67
7.677628
0.5 0.5 0.75 0.5 0.5 0.75 0.5 0.75 0.5 0.5 0.5 0.5 0.5 0.75 0.5 0.5 0.5 0.5 0.5 0.5 0.5 0.5 1.0
0.67 0.67 0.67 0.67 0.67 0.67 0.67 1.0
7.6946776
0.5 0.5 0.5 0.5 0.5 0.5 1.0 0.5 0.5 0.5 0.5 0.5 0.5 0.5 1.0 0.5 0.5 1.0 0.5 0.5 0.5 0.5 1.0
1.0 1.0 1.0 1.0 1.0 1.0 1.0 0.67
7.717052
0.75 0.5 0.5 0.5 0.5 0.75 0.5 0.5 0.5 0.5 0.5 0.5 0.5 1.0 0.5 0.5 1.0 0.75 0.5 0.5 0.5 0.75 1.0
0.67 0.67 0.67 0.67 0.67 0.67 0.67 0.67
7.7226328
0.5 0.5 0.5 0.5 0.5 0.5 0.5 0.5 0.5 0.75 0.5 0.5 0.5 0.5 0.5 0.5 0.5 0.5 0.5 0.5 0.5 1.0 1.0
0.67 0.67 0.67 0.67 1.0 0.67 1.0 0.67
7.7525848
1.0 0.5 0.5 0.5 0.5 0.5 0.5 0.5 0.5 0.5 0.5 0.5 0.5 0.5 0.5 0.5 0.5 0.5 0.5 0.5 0.5 0.5 1.0
0.67 0.67 0.67 0.67 0.67 0.67 0.67 1.0
7.863484
1.0 0.5 0.5 0.5 0.5 0.5 0.5 0.5 0.5 0.5 0.5 0.5 0.5 0.5 0.5 0.5 0.5 0.5 0.5 0.5 0.5 0.5 1.0
0.67 0.67 0.67 0.67 0.67 0.67 0.67 1.0
7.863484
0.5 0.5 0.5 0.75 0.5 0.5 0.5 0.5 0.5 0.5 0.75 0.5 0.5 0.75 0.5 0.5 0.75 0.5 1.0 0.5 0.5 0.5 1.0
0.67 0.67 0.67 0.67 0.67 0.67 0.67 0.67
7.8904152
0.5 0.5 0.5 0.5 0.5 0.5 0.75 0.5 0.5 0.5 1.0 0.5 0.5 0.75 0.5 0.5 0.5 0.5 0.5 0.5 0.5 1.0 1.0
0.67 0.67 1.0 0.67 0.67 1.0 0.67 0.67
7.9236952
0.5 0.5 0.5 0.5 0.75 0.5 0.5 0.5 0.5 1.0 0.5 0.75 1.0 0.5 0.5 0.5 0.75 0.5 0.5 1.0 0.75 0.5 1.0
0.67 0.67 0.67 0.67 0.67 0.67 0.67 1.0
7.9370072
0.5 0.5 0.75 0.5 0.5 0.75 0.5 0.75 0.5 0.5 0.5 0.5 0.5 0.75 0.5 0.5 0.5 0.5 0.5 0.5 0.5 0.5 1.0
0.67 0.67 0.67 0.67 0.67 1.0 1.0 1.0
7.9580504
0.5 0.75 0.5 0.5 0.5 0.5 0.5 0.5 0.5 0.5 0.5 0.5 0.5 0.5 0.5 1.0 0.5 0.5 0.5 0.5 0.5 0.5 1.0
0.67 0.67 0.67 0.67 0.67 0.67 0.67 0.67
7.9640408
0.75 0.5 0.5 0.5 0.5 0.75 0.5 0.5 0.5 0.5 0.5 0.5 0.5 1.0 0.5 0.5 1.0 0.75 0.5 0.5 0.5 0.75 1.0
0.67 0.67 0.67 0.67 0.67 1.0 1.0 0.67
7.9860056
1.0 0.5 0.5 0.5 0.5 0.5 0.5 0.5 0.5 0.5 0.5 0.5 0.5 0.5 0.5 0.5 0.5 0.5 0.5 0.5 0.5 0.5 1.0
0.67 0.67 0.67 0.67 0.67 1.0 1.0 0.67
7.99558
0.5 0.5 0.5 0.5 0.5 0.5 0.5 0.5 0.5 0.75 0.5 0.5 0.5 0.5 0.5 0.5 0.5 0.5 0.5 0.5 0.5 1.0 1.0
0.67 0.67 0.67 0.67 0.67 0.67 0.67 1.0
8.0143192
0.5 0.5 0.5 0.5 0.5 0.5 0.5 0.5 0.5 0.75 0.5 0.5 0.5 0.5 0.5 0.5 0.5 0.5 0.5 0.5 0.5 1.0 1.0
1.0 1.0 1.0 0.67 0.67 1.0 0.67 0.67
8.017596
0.75 0.5 0.5 0.5 0.5 0.75 0.5 0.5 0.5 0.5 0.5 0.5 0.5 1.0 0.5 0.5 1.0 0.75 0.5 0.5 0.5 0.75 1.0
0.67 0.67 0.67 0.67 0.67 0.67 0.67 1.0
8.017852
0.5 0.5 0.5 0.5 0.75 0.5 0.5 0.5 0.5 1.0 0.5 0.75 1.0 0.5 0.5 0.5 0.75 0.5 0.5 1.0 0.75 0.5 1.0
0.67 0.67 0.67 1.0 0.67 0.67 1.0 1.0
8.1997656
0.5 0.75 0.5 0.5 0.5 0.5 0.5 0.5 0.5 0.5 1.0 0.5 0.75 0.5 0.5 0.5 0.5 1.0 0.5 0.5 0.5 1.0 1.0
0.67 0.67 0.67 0.67 0.67 0.67 0.67 1.0
8.2114392
0.5 0.75 0.5 0.5 0.5 0.5 0.5 0.5 0.5 0.5 1.0 0.5 0.75 0.5 0.5 0.5 0.5 1.0 0.5 0.5 0.5 1.0 1.0
0.67 1.0 1.0 0.67 1.0 1.0 0.67 0.67
8.2134872
0.5 0.75 0.5 0.5 0.5 0.5 0.5 0.5 0.5 0.5 1.0 0.5 0.75 0.5 0.5 0.5 0.5 1.0 0.5 0.5 0.5 1.0 1.0
1.0 1.0 1.0 0.67 0.67 1.0 0.67 0.67
8.214716
0.5 0.5 0.5 0.5 0.5 0.5 0.5 0.5 0.5 0.5 0.5 0.5 0.5 0.5 0.5 0.5 0.5 0.5 0.5 0.5 0.5 1.0 1.0
1.0 0.67 0.67 0.67 0.67 0.67 1.0 1.0
8.2785112
0.5 0.5 0.5 0.75 0.5 0.5 0.5 0.5 0.5 0.5 0.75 0.5 0.5 0.75 0.5 0.5 0.75 0.5 1.0 0.5 0.5 0.5 1.0
0.67 0.67 0.67 1.0 1.0 0.67 0.67 1.0
8.2844504
0.5 0.5 0.5 0.75 0.5 0.5 0.5 0.5 0.5 0.5 0.75 0.5 0.5 0.75 0.5 0.5 0.75 0.5 1.0 0.5 0.5 0.5 1.0
0.67 0.67 0.67 1.0 1.0 0.67 0.67 1.0
8.2844504
0.5 0.75 0.5 0.5 0.5 0.5 0.5 0.5 0.5 0.5 0.5 0.5 0.5 0.5 0.5 1.0 0.5 0.5 0.5 0.5 0.5 0.5 1.0
0.67 0.67 0.67 1.0 0.67 0.67 1.0 1.0
8.358076
0.5 0.75 0.5 0.5 0.5 0.5 0.5 0.5 0.5 0.5 0.5 0.5 0.5 0.5 0.5 1.0 0.5 0.5 0.5 0.5 0.5 0.5 1.0
0.67 0.67 0.67 1.0 1.0 0.67 0.67 1.0
8.358076
0.5 0.5 0.5 0.5 0.5 0.5 0.5 0.5 0.5 0.5 0.5 0.5 0.5 0.5 0.5 0.5 0.5 0.5 0.5 0.5 0.5 1.0 1.0
1.0 1.0 1.0 1.0 1.0 1.0 1.0 0.67
8.411836
0.5 0.75 0.5 0.5 0.5 0.5 0.5 0.5 0.5 0.5 1.0 0.5 0.75 0.5 0.5 0.5 0.5 1.0 0.5 0.5 0.5 1.0 1.0
0.67 0.67 0.67 1.0 0.67 0.67 1.0 1.0
8.4741976
0.5 0.5 0.5 0.5 0.5 0.5 0.5 0.75 0.75 0.5 1.0 0.75 0.5 0.75 0.5 0.75 0.5 0.75 0.5 0.5 0.5 0.75 1.0
0.67 0.67 0.67 0.67 0.67 0.67 0.67 0.67
8.4948312
0.5 0.5 0.5 0.5 0.5 0.5 0.5 0.75 0.75 0.5 1.0 0.75 0.5 0.75 0.5 0.75 0.5 0.75 0.5 0.5 0.5 0.75 1.0
0.67 0.67 0.67 0.67 0.67 0.67 0.67 0.67
8.4948312
0.5 0.5 1.0 0.5 0.5 0.5 0.5 0.5 0.5 1.0 0.5 0.5 0.5 0.5 0.5 0.75 0.5 0.5 0.5 1.0 0.5 0.5 1.0
0.67 0.67 0.67 0.67 0.67 0.67 0.67 1.0
8.657596
0.5 0.5 0.5 0.5 0.5 0.5 0.5 0.5 0.5 0.5 0.5 0.5 0.5 0.5 0.5 0.5 0.5 0.5 0.5 0.5 0.5 1.0 1.0
1.0 1.0 1.0 0.67 1.0 0.67 1.0 1.0
8.6733656
0.5 0.5 0.5 0.5 0.5 0.5 0.5 0.5 0.5 0.75 0.5 0.5 0.5 0.5 0.5 0.5 0.5 0.5 0.5 0.5 0.5 1.0 1.0
1.0 1.0 1.0 0.67 1.0 0.67 1.0 1.0
8.6733656
0.5 0.75 0.75 0.5 0.5 0.5 0.5 0.75 0.5 1.0 0.75 0.5 1.0 0.75 0.75 0.5 1.0 0.75 0.5 1.0 1.0 0.75 1.0
0.67 0.67 0.67 0.67 1.0 0.67 1.0 0.67
8.722108
0.5 0.5 0.5 0.5 0.75 0.5 0.5 0.5 0.5 0.5 0.5 1.0 0.5 0.5 0.5 0.75 0.5 0.5 0.5 0.5 0.5 0.5 1.0
0.67 0.67 0.67 0.67 0.67 0.67 0.67 0.67
8.7513944
0.5 0.75 0.75 0.5 0.5 0.5 0.5 0.75 0.5 1.0 0.75 0.5 1.0 0.75 0.75 0.5 1.0 0.75 0.5 1.0 1.0 0.75 1.0
0.67 0.67 0.67 0.67 0.67 0.67 0.67 1.0
8.754364
1.0 0.5 0.5 0.5 0.5 0.5 0.5 0.5 0.5 0.5 0.5 0.5 0.5 0.5 0.5 0.5 0.5 0.5 0.5 0.5 0.5 0.5 1.0
1.0 1.0 1.0 1.0 1.0 0.67 0.67 0.67
8.7859032
0.75 0.5 0.5 0.5 0.5 0.75 0.5 0.5 0.5 0.5 0.5 0.5 0.5 1.0 0.5 0.5 1.0 0.75 0.5 0.5 0.5 0.75 1.0
1.0 1.0 1.0 1.0 1.0 1.0 1.0 0.67
8.8095064
0.5 0.5 0.75 0.5 0.5 0.75 0.5 0.75 0.5 0.5 0.5 0.5 0.5 0.75 0.5 0.5 0.5 0.5 0.5 0.5 0.5 0.5 1.0
1.0 1.0 1.0 1.0 1.0 1.0 1.0 0.67
8.8138072
0.5 0.75 0.5 0.5 0.5 0.5 0.75 0.75 0.5 1.0 0.5 0.5 1.0 0.5 1.0 0.5 0.5 0.5 0.5 1.0 0.75 0.75 1.0
1.0 1.0 1.0 0.67 0.67 1.0 1.0 1.0
8.8583
0.5 0.5 1.0 0.5 0.5 0.5 0.5 0.5 0.5 1.0 0.5 0.5 0.5 0.5 0.5 0.75 0.5 0.5 0.5 1.0 0.5 0.5 1.0
0.67 0.67 0.67 1.0 1.0 0.67 0.67 1.0
8.9203544
0.5 0.5 1.0 0.5 0.5 0.5 0.5 0.5 0.5 1.0 0.5 0.5 0.5 0.5 0.5 0.75 0.5 0.5 0.5 1.0 0.5 0.5 1.0
1.0 0.67 0.67 0.67 0.67 0.67 1.0 1.0
8.921788
0.5 0.5 0.5 0.5 0.75 0.5 0.5 0.5 0.5 0.5 0.5 0.5 0.5 0.5 0.5 0.5 0.5 0.5 1.0 0.5 0.5 0.5 1.0
0.67 1.0 1.0 0.67 1.0 1.0 0.67 0.67
8.9324376
0.5 0.75 0.5 0.5 0.5 0.5 0.5 0.5 0.5 0.5 0.5 0.5 0.5 0.5 0.5 1.0 0.5 0.5 0.5 0.5 0.5 0.5 1.0
1.0 1.0 0.67 1.0 1.0 1.0 0.67 0.67
9.0173272
0.5 0.5 0.5 0.5 0.75 0.5 0.5 0.5 0.5 0.5 0.5 0.5 0.5 0.5 0.5 0.5 0.5 0.5 1.0 0.5 0.5 0.5 1.0
0.67 0.67 0.67 0.67 0.67 1.0 1.0 1.0
9.0299224
0.5 0.5 0.5 0.5 0.75 0.5 0.5 0.5 0.5 1.0 0.5 0.75 1.0 0.5 0.5 0.5 0.75 0.5 0.5 1.0 0.75 0.5 1.0
1.0 1.0 1.0 1.0 1.0 0.67 1.0 1.0
9.05542
0.5 0.5 0.5 0.5 0.75 0.5 0.5 0.5 0.5 1.0 0.5 0.75 1.0 0.5 0.5 0.5 0.75 0.5 0.5 1.0 0.75 0.5 1.0
1.0 1.0 1.0 1.0 1.0 1.0 1.0 0.67
9.0560344
0.5 0.5 0.5 0.5 0.5 0.5 0.75 0.5 0.5 0.5 1.0 0.5 0.5 0.75 0.5 0.5 0.5 0.5 0.5 0.5 0.5 1.0 1.0
1.0 1.0 1.0 1.0 1.0 1.0 1.0 1.0
9.1072344
0.5 0.5 0.5 0.5 0.5 0.5 0.75 0.5 0.5 0.5 1.0 0.5 0.5 0.75 0.5 0.5 0.5 0.5 0.5 0.5 0.5 1.0 1.0
1.0 1.0 1.0 1.0 1.0 1.0 1.0 1.0
9.1072344
0.5 0.75 0.75 0.5 0.5 0.5 0.5 0.75 0.5 1.0 0.75 0.5 1.0 0.75 0.75 0.5 1.0 0.75 0.5 1.0 1.0 0.75 1.0
0.67 0.67 0.67 1.0 0.67 0.67 1.0 1.0
9.1810648
0.5 0.75 0.5 0.5 0.5 0.5 0.75 0.75 0.5 1.0 0.5 0.5 1.0 0.5 1.0 0.5 0.5 0.5 0.5 1.0 0.75 0.75 1.0
1.0 1.0 1.0 1.0 1.0 1.0 1.0 1.0
9.2850008
0.5 0.75 0.5 0.5 0.5 0.5 0.75 0.75 0.5 1.0 0.5 0.5 1.0 0.5 1.0 0.5 0.5 0.5 0.5 1.0 0.75 0.75 1.0
1.0 1.0 1.0 1.0 1.0 1.0 1.0 1.0
9.2850008
0.5 0.75 0.5 0.5 0.5 0.5 0.75 0.75 0.5 1.0 0.5 0.5 1.0 0.5 1.0 0.5 0.5 0.5 0.5 1.0 0.75 0.75 1.0
1.0 1.0 1.0 1.0 1.0 1.0 1.0 1.0
9.2850008
0.5 0.5 0.5 0.75 0.5 0.5 0.5 0.5 0.5 0.5 0.75 0.5 0.5 0.75 0.5 0.5 0.75 0.5 1.0 0.5 0.5 0.5 1.0
1.0 1.0 1.0 1.0 1.0 1.0 1.0 1.0
9.337532
0.5 0.5 0.5 0.5 0.5 0.5 0.5 0.5 0.75 0.5 0.75 1.0 0.5 0.75 0.5 0.5 0.5 0.5 0.75 1.0 0.5 0.75 1.0
1.0 1.0 1.0 0.67 0.67 1.0 0.67 0.67
9.3568856
0.5 0.5 0.5 0.5 0.75 0.5 0.5 0.5 0.5 0.5 0.5 1.0 0.5 0.5 0.5 0.75 0.5 0.5 0.5 0.5 0.5 0.5 1.0
0.67 0.67 0.67 0.67 1.0 0.67 1.0 0.67
9.4079832
1.0 0.5 0.5 0.5 0.5 0.5 0.5 0.5 0.5 0.75 0.5 0.5 0.5 0.5 0.5 0.5 0.75 1.0 0.5 0.5 0.75 1.0 1.0
0.67 0.67 0.67 0.67 0.67 0.67 0.67 1.0
9.4177112
1.0 0.5 0.5 0.5 0.5 0.5 0.5 0.5 0.5 0.75 0.5 0.5 0.5 0.5 0.5 0.5 0.75 1.0 0.5 0.5 0.75 1.0 1.0
0.67 0.67 1.0 1.0 0.67 1.0 1.0 0.67
9.4191448
0.5 0.5 0.5 0.5 0.5 0.5 0.5 0.5 0.75 0.5 0.75 1.0 0.5 0.75 0.5 0.5 0.5 0.5 0.75 1.0 0.5 0.75 1.0
0.67 0.67 0.67 0.67 0.67 1.0 1.0 1.0
9.551548
0.5 0.5 1.0 0.5 0.5 0.5 0.5 0.5 0.5 1.0 0.5 0.5 0.5 0.5 0.5 0.75 0.5 0.5 0.5 1.0 0.5 0.5 1.0
1.0 1.0 1.0 1.0 1.0 0.67 0.67 0.67
9.579196
0.5 0.5 0.5 0.5 0.75 0.5 0.5 0.5 0.5 0.5 0.5 0.5 0.5 0.5 0.5 0.5 0.5 0.5 1.0 0.5 0.5 0.5 1.0
1.0 1.0 1.0 0.67 1.0 0.67 1.0 1.0
9.5896408
0.5 0.75 0.75 0.5 0.5 0.5 0.5 0.75 0.5 1.0 0.75 0.5 1.0 0.75 0.75 0.5 1.0 0.75 0.5 1.0 1.0 0.75 1.0
1.0 1.0 1.0 1.0 0.67 0.67 0.67 1.0
9.609916
0.5 1.0 1.0 0.5 0.5 0.5 0.5 0.5 0.5 0.5 1.0 0.75 0.5 1.0 0.5 0.75 1.0 0.75 0.5 0.5 0.5 0.5 1.0
0.67 0.67 0.67 0.67 0.67 0.67 1.0 1.0
9.6658264
0.5 0.5 0.5 0.5 0.75 0.5 0.5 0.5 0.5 0.5 0.5 0.5 0.5 0.5 0.5 0.5 0.5 0.5 1.0 0.5 0.5 0.5 1.0
1.0 1.0 1.0 1.0 1.0 1.0 1.0 0.67
9.721532
1.0 0.75 0.75 0.5 0.5 1.0 0.75 0.5 0.75 0.5 0.5 0.5 0.5 1.0 0.5 0.5 0.75 0.5 0.5 0.5 0.5 0.75 1.0
0.67 0.67 0.67 0.67 0.67 0.67 1.0 0.67
9.760956
0.5 1.0 1.0 0.5 0.5 0.5 0.5 0.5 0.5 0.5 1.0 0.75 0.5 1.0 0.5 0.75 1.0 0.75 0.5 0.5 0.5 0.5 1.0
1.0 0.67 0.67 0.67 0.67 0.67 1.0 1.0
9.7985368
0.5 0.5 0.5 0.5 0.75 0.5 0.5 0.5 0.5 0.5 0.5 1.0 0.5 0.5 0.5 0.75 0.5 0.5 0.5 0.5 0.5 0.5 1.0
1.0 1.0 1.0 0.67 0.67 1.0 1.0 1.0
9.8704216
0.5 0.5 0.5 0.5 0.5 0.5 0.5 0.5 0.75 0.5 0.75 1.0 0.5 0.75 0.5 0.5 0.5 0.5 0.75 1.0 0.5 0.75 1.0
1.0 1.0 0.67 1.0 1.0 1.0 0.67 0.67
9.881788
1.0 0.75 0.75 0.5 0.5 1.0 0.75 0.5 0.75 0.5 0.5 0.5 0.5 1.0 0.5 0.5 0.75 0.5 0.5 0.5 0.5 0.75 1.0
0.67 0.67 0.67 0.67 0.67 1.0 1.0 0.67
9.8928472
0.5 0.5 0.5 0.5 0.5 0.5 0.5 0.75 0.75 0.5 1.0 0.75 0.5 0.75 0.5 0.75 0.5 0.75 0.5 0.5 0.5 0.75 1.0
1.0 1.0 1.0 1.0 1.0 1.0 1.0 0.67
9.9092824
0.5 0.5 0.5 0.5 0.5 1.0 0.5 0.5 0.5 0.5 0.5 1.0 0.5 0.5 0.5 0.5 0.75 0.5 0.5 0.5 0.5 1.0 1.0
1.0 1.0 0.67 1.0 1.0 1.0 0.67 0.67
9.9929944
0.75 0.5 0.75 0.5 0.5 0.75 0.75 0.5 0.5 0.5 0.5 1.0 0.5 0.5 0.5 0.75 0.75 0.75 0.5 0.5 0.75 0.5 1.0
0.67 0.67 0.67 0.67 0.67 0.67 1.0 1.0
9.9957592
0.5 0.5 0.5 0.5 0.5 0.5 0.5 0.75 0.75 0.5 1.0 0.75 0.5 0.75 0.5 0.75 0.5 0.75 0.5 0.5 0.5 0.75 1.0
1.0 1.0 1.0 1.0 1.0 1.0 0.67 1.0
10.07302
0.75 0.5 0.75 0.5 0.5 0.75 0.75 0.5 0.5 0.5 0.5 1.0 0.5 0.5 0.5 0.75 0.75 0.75 0.5 0.5 0.75 0.5 1.0
0.67 0.67 1.0 0.67 0.67 1.0 0.67 0.67
10.1606232
0.75 1.0 0.5 0.75 0.5 0.5 1.0 0.75 0.5 0.75 0.75 0.75 1.0 0.5 0.75 0.5 0.5 1.0 0.5 0.75 1.0 1.0 1.0
0.67 0.67 0.67 0.67 0.67 0.67 0.67 0.67
10.1737304
0.75 0.75 1.0 0.5 0.5 0.5 0.75 0.5 0.5 0.5 0.5 0.5 1.0 0.5 0.75 0.5 0.5 0.75 0.75 0.75 0.5 0.5 1.0
1.0 0.67 0.67 0.67 0.67 0.67 1.0 1.0
10.204604
1.0 0.5 0.5 0.5 0.5 0.5 0.5 0.5 0.5 0.75 0.5 0.5 0.5 0.5 0.5 0.5 0.75 1.0 0.5 0.5 0.75 1.0 1.0
1.0 1.0 1.0 1.0 1.0 1.0 1.0 0.67
10.2100824
0.5 0.5 0.5 0.5 0.5 1.0 0.5 0.5 0.5 0.5 0.5 1.0 0.5 0.5 0.5 0.5 0.75 0.5 0.5 0.5 0.5 1.0 1.0
1.0 1.0 1.0 1.0 1.0 1.0 1.0 0.67
10.2559576
0.5 0.5 0.5 0.5 0.5 1.0 0.5 0.5 0.5 0.5 0.5 1.0 0.5 0.5 0.5 0.5 0.75 0.5 0.5 0.5 0.5 1.0 1.0
1.0 1.0 1.0 1.0 1.0 1.0 1.0 0.67
10.2559576
0.5 0.5 0.5 1.0 0.5 0.75 0.5 0.5 0.5 0.5 0.5 0.5 0.75 0.5 0.5 0.75 0.75 0.5 0.75 1.0 1.0 1.0 1.0
0.67 0.67 0.67 1.0 1.0 0.67 0.67 1.0
10.282172
0.5 0.5 0.5 0.75 0.75 0.5 0.5 0.75 0.5 1.0 0.5 0.75 0.75 0.75 0.75 0.5 0.5 0.75 1.0 0.75 0.5 0.75 1.0
0.67 0.67 0.67 0.67 0.67 0.67 0.67 1.0
10.3051608
0.5 0.5 0.5 0.5 0.5 0.5 0.5 0.5 0.75 0.5 0.75 1.0 0.5 0.75 0.5 0.5 0.5 0.5 0.75 1.0 0.5 0.75 1.0
1.0 1.0 1.0 1.0 1.0 1.0 1.0 0.67
10.308796
0.5 0.75 0.75 1.0 0.5 0.5 0.75 0.5 0.75 0.75 0.5 0.5 1.0 0.5 0.5 0.75 0.5 0.5 0.5 1.0 1.0 1.0 1.0
0.67 0.67 0.67 0.67 0.67 0.67 0.67 1.0
10.3390552
0.5 0.5 0.5 0.5 0.75 0.5 0.5 0.5 0.5 0.5 0.5 1.0 0.5 0.5 0.5 0.75 0.5 0.5 0.5 0.5 0.5 0.5 1.0
1.0 1.0 1.0 1.0 1.0 1.0 1.0 0.67
10.3955288
0.75 0.75 1.0 0.5 0.5 0.5 0.75 0.5 0.5 0.5 0.5 0.5 1.0 0.5 0.75 0.5 0.5 0.75 0.75 0.75 0.5 0.5 1.0
0.67 1.0 1.0 0.67 1.0 1.0 0.67 0.67
10.401212
0.75 1.0 0.75 0.5 1.0 0.5 0.75 0.5 1.0 0.75 0.5 0.5 0.5 0.5 1.0 0.75 0.75 0.5 0.5 0.75 0.5 0.5 1.0
0.67 0.67 0.67 0.67 0.67 0.67 0.67 0.67
10.4154456
0.5 0.75 1.0 1.0 0.5 0.75 0.75 0.75 0.5 0.5 0.75 0.5 0.5 0.75 1.0 0.5 0.5 0.5 0.75 1.0 0.75 0.75 1.0
0.67 0.67 0.67 0.67 0.67 0.67 0.67 0.67
10.4216408
0.75 1.0 0.5 0.75 0.5 0.5 1.0 0.75 0.5 0.75 0.75 0.75 1.0 0.5 0.75 0.5 0.5 1.0 0.5 0.75 1.0 1.0 1.0
0.67 0.67 0.67 0.67 0.67 1.0 1.0 0.67
10.4371032
0.5 0.5 0.5 0.75 0.75 0.5 0.5 0.75 0.5 1.0 0.5 0.75 0.75 0.75 0.75 0.5 0.5 0.75 1.0 0.75 0.5 0.75 1.0
0.67 0.67 1.0 0.67 0.67 1.0 0.67 0.67
10.4373592
0.5 0.5 0.5 1.0 0.5 0.75 0.5 0.5 0.5 0.5 0.5 0.5 0.75 0.5 0.5 0.75 0.75 0.5 0.75 1.0 1.0 1.0 1.0
1.0 0.67 0.67 0.67 0.67 0.67 1.0 1.0
10.4476504
0.5 0.5 0.5 1.0 0.5 0.75 0.5 0.5 0.5 0.5 0.5 0.5 0.75 0.5 0.5 0.75 0.75 0.5 0.75 1.0 1.0 1.0 1.0
1.0 1.0 1.0 1.0 1.0 1.0 0.67 0.67
10.4496984
0.5 1.0 1.0 0.5 0.5 0.5 0.5 0.5 0.5 0.5 1.0 0.75 0.5 1.0 0.5 0.75 1.0 0.75 0.5 0.5 0.5 0.5 1.0
1.0 1.0 1.0 1.0 0.67 0.67 0.67 1.0
10.45574
1.0 0.5 0.5 0.5 0.75 0.5 0.5 0.5 0.5 1.0 1.0 0.5 0.5 0.5 0.5 1.0 0.5 0.5 0.5 0.75 0.75 0.5 1.0
0.67 0.67 0.67 0.67 0.67 1.0 1.0 0.67
10.461116
0.5 0.75 0.75 1.0 0.5 0.5 0.75 0.5 0.75 0.75 0.5 0.5 1.0 0.5 0.5 0.75 0.5 0.5 0.5 1.0 1.0 1.0 1.0
0.67 0.67 0.67 0.67 0.67 0.67 1.0 1.0
10.4705368
0.5 1.0 1.0 0.5 0.5 0.5 0.5 0.5 0.5 0.5 1.0 0.75 0.5 1.0 0.5 0.75 1.0 0.75 0.5 0.5 0.5 0.5 1.0
1.0 1.0 1.0 0.67 0.67 1.0 0.67 0.67
10.4893272
0.5 0.5 0.5 0.5 0.5 1.0 0.5 0.5 0.5 0.5 0.5 1.0 0.5 0.5 0.5 0.5 0.75 0.5 0.5 0.5 0.5 1.0 1.0
1.0 1.0 1.0 0.67 1.0 0.67 1.0 1.0
10.5174872
0.75 1.0 0.75 0.5 1.0 0.5 0.75 0.5 1.0 0.75 0.5 0.5 0.5 0.5 1.0 0.75 0.75 0.5 0.5 0.75 0.5 0.5 1.0
0.67 0.67 0.67 0.67 0.67 0.67 0.67 1.0
10.5467224
1.0 0.75 0.75 0.5 0.5 1.0 0.75 0.5 0.75 0.5 0.5 0.5 0.5 1.0 0.5 0.5 0.75 0.5 0.5 0.5 0.5 0.75 1.0
1.0 0.67 0.67 0.67 0.67 0.67 1.0 1.0
10.58374
1.0 0.5 0.5 0.5 0.75 0.5 0.5 0.5 0.5 1.0 1.0 0.5 0.5 0.5 0.5 1.0 0.5 0.5 0.5 0.75 0.75 0.5 1.0
1.0 0.67 0.67 0.67 1.0 0.67 0.67 1.0
10.5940312
0.5 0.75 0.75 1.0 0.5 0.5 0.75 0.5 0.75 0.75 0.5 0.5 1.0 0.5 0.5 0.75 0.5 0.5 0.5 1.0 1.0 1.0 1.0
1.0 0.67 0.67 0.67 0.67 0.67 1.0 1.0
10.6032472
1.0 0.5 0.5 0.5 0.75 0.5 0.5 0.5 0.5 1.0 1.0 0.5 0.5 0.5 0.5 1.0 0.5 0.5 0.5 0.75 0.75 0.5 1.0
0.67 0.67 1.0 0.67 0.67 1.0 0.67 0.67
10.6251608
0.5 0.5 0.5 0.75 1.0 0.75 0.5 0.5 0.75 0.5 1.0 0.5 1.0 0.5 0.75 0.75 0.5 0.5 0.75 1.0 0.5 0.75 1.0
0.67 0.67 0.67 0.67 1.0 0.67 1.0 0.67
10.630844
0.5 1.0 0.5 0.75 0.5 0.75 0.75 0.75 0.75 0.75 0.5 0.75 1.0 0.75 1.0 1.0 1.0 1.0 0.5 0.75 0.5 0.5 1.0
0.67 0.67 0.67 1.0 0.67 0.67 1.0 1.0
10.635196
0.75 1.0 0.5 0.75 0.5 0.5 1.0 0.75 0.5 0.75 0.75 0.75 1.0 0.5 0.75 0.5 0.5 1.0 0.5 0.75 1.0 1.0 1.0
0.67 0.67 0.67 0.67 0.67 0.67 0.67 1.0
10.698428
1.0 0.5 0.5 0.5 0.5 0.5 0.5 0.5 0.5 0.75 0.5 0.5 0.5 0.5 0.5 0.5 0.75 1.0 0.5 0.5 0.75 1.0 1.0
1.0 1.0 1.0 1.0 1.0 1.0 1.0 1.0
10.73478
0.5 0.5 0.5 1.0 0.5 0.75 0.5 0.5 0.5 0.5 0.5 0.5 0.75 0.5 0.5 0.75 0.75 0.5 0.75 1.0 1.0 1.0 1.0
1.0 1.0 1.0 1.0 1.0 1.0 1.0 0.67
10.7452248
0.5 1.0 0.5 0.75 0.5 0.75 0.75 0.75 0.75 0.75 0.5 0.75 1.0 0.75 1.0 1.0 1.0 1.0 0.5 0.75 0.5 0.5 1.0
0.67 0.67 0.67 1.0 1.0 0.67 0.67 1.0
10.7992408
0.75 0.75 1.0 0.5 0.5 0.5 0.75 0.5 0.5 0.5 0.5 0.5 1.0 0.5 0.75 0.5 0.5 0.75 0.75 0.75 0.5 0.5 1.0
1.0 1.0 1.0 1.0 1.0 1.0 0.67 0.67
10.8298584
0.5 0.75 1.0 1.0 0.5 0.75 0.75 0.75 0.5 0.5 0.75 0.5 0.5 0.75 1.0 0.5 0.5 0.5 0.75 1.0 0.75 0.75 1.0
0.67 0.67 0.67 0.67 0.67 1.0 1.0 0.67
10.8490584
0.5 0.75 0.75 0.75 1.0 1.0 1.0 0.5 0.75 0.5 0.5 0.75 0.75 0.75 0.75 0.75 0.5 0.75 0.5 0.75 0.5 0.5 1.0
0.67 0.67 0.67 0.67 0.67 0.67 0.67 0.67
10.966716
0.75 0.5 0.5 0.5 1.0 0.5 0.75 0.5 0.5 1.0 0.5 0.75 0.5 0.5 1.0 0.75 1.0 0.5 0.5 0.75 0.5 1.0 1.0
0.67 0.67 0.67 0.67 0.67 0.67 0.67 0.67
10.9878616
1.0 0.5 0.5 0.5 0.75 0.5 0.5 0.5 0.5 1.0 1.0 0.5 0.5 0.5 0.5 1.0 0.5 0.5 0.5 0.75 0.75 0.5 1.0
1.0 1.0 1.0 1.0 1.0 0.67 0.67 0.67
11.0214488
1.0 0.75 0.5 1.0 0.75 0.5 0.5 0.5 0.5 0.75 0.5 0.75 1.0 0.75 0.5 1.0 0.5 0.5 0.5 0.75 1.0 0.5 1.0
0.67 0.67 0.67 0.67 0.67 0.67 0.67 0.67
11.0410072
0.75 0.5 0.5 1.0 1.0 0.5 1.0 0.75 0.5 0.5 0.5 0.5 0.75 0.75 0.5 0.5 0.75 0.5 1.0 0.5 0.5 0.5 1.0
0.67 0.67 0.67 0.67 0.67 0.67 0.67 1.0
11.0629208
0.5 0.5 0.5 1.0 0.75 1.0 0.75 0.5 0.75 0.5 0.75 1.0 0.5 1.0 0.75 0.5 1.0 1.0 0.5 0.75 1.0 1.0 1.0
0.67 0.67 1.0 1.0 0.67 1.0 1.0 0.67
11.10342
0.75 0.5 0.5 0.5 1.0 0.5 0.75 0.5 0.5 1.0 0.5 0.75 0.5 0.5 1.0 0.75 1.0 0.5 0.5 0.75 0.5 1.0 1.0
0.67 0.67 0.67 0.67 0.67 0.67 1.0 0.67
11.1193432
0.75 0.75 1.0 0.5 0.5 0.5 0.75 0.5 0.5 0.5 0.5 0.5 1.0 0.5 0.75 0.5 0.5 0.75 0.75 0.75 0.5 0.5 1.0
1.0 1.0 1.0 1.0 1.0 1.0 1.0 0.67
11.1253848
0.5 0.5 0.75 0.5 0.5 0.75 0.75 1.0 0.75 0.75 0.5 0.5 1.0 0.75 1.0 1.0 1.0 1.0 0.5 0.75 0.5 0.75 1.0
0.67 0.67 0.67 0.67 0.67 0.67 0.67 1.0
11.1530328
0.5 1.0 0.5 0.75 0.5 0.75 0.75 0.75 0.75 0.75 0.5 0.75 1.0 0.75 1.0 1.0 1.0 1.0 0.5 0.75 0.5 0.5 1.0
0.67 1.0 1.0 0.67 1.0 1.0 0.67 0.67
11.162044
1.0 0.75 0.5 1.0 0.75 0.5 0.5 0.5 0.5 0.75 0.5 0.75 1.0 0.75 0.5 1.0 0.5 0.5 0.5 0.75 1.0 0.5 1.0
0.67 0.67 0.67 0.67 0.67 0.67 0.67 1.0
11.172284
0.5 1.0 0.5 1.0 1.0 0.5 1.0 0.75 0.75 0.5 0.75 0.5 1.0 1.0 0.5 0.75 0.5 0.75 0.5 0.5 0.75 0.75 1.0
0.67 0.67 0.67 1.0 0.67 0.67 1.0 1.0
11.2349528
0.5 0.75 1.0 1.0 0.5 0.75 0.75 0.75 0.5 0.5 0.75 0.5 0.5 0.75 1.0 0.5 0.5 0.5 0.75 1.0 0.75 0.75 1.0
0.67 0.67 1.0 1.0 1.0 0.67 1.0 0.67
11.2753496
0.5 0.75 1.0 1.0 0.5 0.75 0.75 0.75 0.5 0.5 0.75 0.5 0.5 0.75 1.0 0.5 0.5 0.5 0.75 1.0 0.75 0.75 1.0
0.67 0.67 1.0 1.0 0.67 1.0 1.0 0.67
11.2757592
0.5 0.5 0.75 0.5 0.5 0.75 0.75 1.0 0.75 0.75 0.5 0.5 1.0 0.75 1.0 1.0 1.0 1.0 0.5 0.75 0.5 0.75 1.0
0.67 0.67 0.67 0.67 0.67 0.67 1.0 1.0
11.2845144
0.5 0.5 0.5 0.5 1.0 0.75 0.5 0.75 1.0 1.0 0.5 0.5 0.5 0.75 1.0 0.5 1.0 0.75 1.0 1.0 0.5 1.0 1.0
0.67 0.67 0.67 0.67 0.67 0.67 0.67 0.67
11.3768792
1.0 0.75 0.75 0.5 0.5 1.0 0.75 0.5 0.75 0.5 0.5 0.5 0.5 1.0 0.5 0.5 0.75 0.5 0.5 0.5 0.5 0.75 1.0
1.0 1.0 1.0 1.0 1.0 1.0 1.0 1.0
11.406012
0.5 0.75 0.75 0.5 0.5 0.75 1.0 1.0 1.0 0.75 0.75 0.5 0.5 0.75 1.0 0.75 1.0 0.75 0.75 0.5 0.5 0.5 1.0
1.0 1.0 1.0 0.67 1.0 0.67 1.0 1.0
11.4483032
0.5 0.75 0.75 1.0 0.5 0.5 0.75 0.5 0.75 0.75 0.5 0.5 1.0 0.5 0.5 0.75 0.5 0.5 0.5 1.0 1.0 1.0 1.0
1.0 1.0 1.0 1.0 1.0 1.0 0.67 1.0
11.4582872
0.5 0.5 0.5 1.0 0.75 1.0 0.75 0.5 0.75 0.5 0.75 1.0 0.5 1.0 0.75 0.5 1.0 1.0 0.5 0.75 1.0 1.0 1.0
0.67 0.67 1.0 1.0 1.0 0.67 1.0 0.67
11.496636
0.75 1.0 0.75 0.5 1.0 0.5 0.75 0.5 1.0 0.75 0.5 0.5 0.5 0.5 1.0 0.75 0.75 0.5 0.5 0.75 0.5 0.5 1.0
0.67 0.67 1.0 1.0 0.67 1.0 1.0 0.67
11.499452
0.5 1.0 0.75 1.0 1.0 1.0 0.75 0.5 0.5 0.75 0.5 0.75 0.5 0.5 1.0 0.5 1.0 0.75 0.5 0.5 0.5 1.0 1.0
0.67 0.67 0.67 0.67 0.67 0.67 0.67 0.67
11.5004248
0.75 0.5 0.5 0.5 1.0 0.5 0.75 0.5 0.5 1.0 0.5 0.75 0.5 0.5 1.0 0.75 1.0 0.5 0.5 0.75 0.5 1.0 1.0
0.67 0.67 0.67 0.67 0.67 0.67 0.67 1.0
11.5125592
0.75 0.5 0.75 0.5 0.5 0.75 0.75 0.5 0.5 0.5 0.5 1.0 0.5 0.5 0.5 0.75 0.75 0.75 0.5 0.5 0.75 0.5 1.0
1.0 1.0 1.0 1.0 1.0 1.0 1.0 0.67
11.5419992
0.75 0.5 0.75 0.5 0.5 0.75 0.75 0.5 0.5 0.5 0.5 1.0 0.5 0.5 0.5 0.75 0.75 0.75 0.5 0.5 0.75 0.5 1.0
1.0 1.0 1.0 1.0 1.0 1.0 1.0 0.67
11.5419992
0.5 0.75 0.75 0.5 0.5 0.75 1.0 1.0 1.0 0.75 0.75 0.5 0.5 0.75 1.0 0.75 1.0 0.75 0.75 0.5 0.5 0.5 1.0
1.0 1.0 1.0 1.0 0.67 0.67 0.67 1.0
11.5459928
0.5 0.5 0.5 0.75 1.0 0.75 0.5 0.5 0.75 0.5 1.0 0.5 1.0 0.5 0.75 0.75 0.5 0.5 0.75 1.0 0.5 0.75 1.0
1.0 1.0 1.0 1.0 1.0 1.0 0.67 0.67
11.552444
0.5 0.5 0.5 0.75 0.75 0.5 0.5 0.75 0.5 1.0 0.5 0.75 0.75 0.75 0.75 0.5 0.5 0.75 1.0 0.75 0.5 0.75 1.0
0.67 0.67 0.67 1.0 1.0 1.0 1.0 1.0
11.5529048
0.75 1.0 0.5 0.75 0.5 0.5 1.0 0.75 0.5 0.75 0.75 0.75 1.0 0.5 0.75 0.5 0.5 1.0 0.5 0.75 1.0 1.0 1.0
1.0 1.0 1.0 1.0 1.0 1.0 1.0 0.67
11.5885912
0.5 1.0 0.5 1.0 1.0 0.5 1.0 0.75 0.75 0.5 0.75 0.5 1.0 1.0 0.5 0.75 0.5 0.75 0.5 0.5 0.75 0.75 1.0
0.67 0.67 1.0 1.0 1.0 0.67 1.0 0.67
11.5963224
0.5 0.75 1.0 0.75 0.75 0.75 0.75 1.0 1.0 0.75 1.0 0.75 1.0 1.0 0.75 0.5 1.0 0.5 0.5 0.75 0.5 0.5 1.0
0.67 0.67 1.0 0.67 0.67 1.0 0.67 0.67
11.6205912
0.5 1.0 0.5 1.0 0.75 1.0 0.5 1.0 1.0 0.75 0.75 0.75 0.75 1.0 0.75 0.75 0.5 1.0 0.75 1.0 0.75 0.75 1.0
0.67 0.67 0.67 0.67 0.67 0.67 0.67 0.67
11.6214104
0.5 1.0 0.5 1.0 0.75 1.0 0.5 1.0 1.0 0.75 0.75 0.75 0.75 1.0 0.75 0.75 0.5 1.0 0.75 1.0 0.75 0.75 1.0
0.67 0.67 0.67 0.67 0.67 0.67 0.67 0.67
11.6214104
1.0 0.75 0.5 1.0 0.75 0.75 0.75 0.5 0.5 0.5 1.0 0.5 0.75 1.0 1.0 0.5 1.0 1.0 1.0 1.0 1.0 0.5 1.0
0.67 0.67 0.67 0.67 0.67 1.0 1.0 0.67
11.673276
0.5 0.5 0.5 0.75 1.0 0.75 0.5 0.5 0.75 0.5 1.0 0.5 1.0 0.5 0.75 0.75 0.5 0.5 0.75 1.0 0.5 0.75 1.0
1.0 1.0 1.0 0.67 1.0 0.67 1.0 1.0
11.715772
0.5 0.5 0.5 0.75 1.0 0.75 0.5 0.5 0.75 0.5 1.0 0.5 1.0 0.5 0.75 0.75 0.5 0.5 0.75 1.0 0.5 0.75 1.0
1.0 1.0 1.0 0.67 1.0 0.67 1.0 1.0
11.715772
0.5 1.0 0.5 1.0 1.0 0.5 1.0 0.75 0.75 0.5 0.75 0.5 1.0 1.0 0.5 0.75 0.5 0.75 0.5 0.5 0.75 0.75 1.0
1.0 1.0 1.0 1.0 1.0 0.67 0.67 0.67
11.7294424
0.5 1.0 0.5 0.75 0.75 1.0 0.5 0.5 0.5 0.75 0.75 0.5 0.75 0.75 0.5 0.75 0.75 1.0 1.0 0.5 0.75 1.0 1.0
1.0 1.0 0.67 1.0 1.0 1.0 0.67 0.67
11.8015832
1.0 0.75 0.5 1.0 0.75 0.75 0.75 0.5 0.5 0.5 1.0 0.5 0.75 1.0 1.0 0.5 1.0 1.0 1.0 1.0 1.0 0.5 1.0
0.67 0.67 0.67 0.67 0.67 1.0 1.0 1.0
11.8045528
0.5 0.5 0.5 0.75 0.75 0.5 0.5 0.75 0.5 1.0 0.5 0.75 0.75 0.75 0.75 0.5 0.5 0.75 1.0 0.75 0.5 0.75 1.0
1.0 1.0 1.0 1.0 1.0 1.0 1.0 0.67
11.8178136
0.5 1.0 0.5 0.75 0.75 1.0 0.5 0.5 0.5 0.75 0.75 0.5 0.75 0.75 0.5 0.75 0.75 1.0 1.0 0.5 0.75 1.0 1.0
1.0 1.0 1.0 0.67 0.67 1.0 0.67 0.67
11.8343512
1.0 0.75 0.75 0.75 0.75 1.0 1.0 0.75 0.5 0.5 1.0 0.5 1.0 0.75 0.5 0.75 1.0 0.5 0.5 0.75 0.75 0.5 1.0
0.67 0.67 0.67 0.67 0.67 0.67 0.67 1.0
11.8415192
0.5 0.75 0.75 0.5 0.5 0.75 1.0 1.0 1.0 0.75 0.75 0.5 0.5 0.75 1.0 0.75 1.0 0.75 0.75 0.5 0.5 0.5 1.0
1.0 1.0 1.0 1.0 1.0 1.0 0.67 0.67
11.8423384
0.5 1.0 0.5 0.75 0.5 0.75 0.75 0.75 0.75 0.75 0.5 0.75 1.0 0.75 1.0 1.0 1.0 1.0 0.5 0.75 0.5 0.5 1.0
1.0 1.0 1.0 1.0 1.0 1.0 1.0 1.0
11.852732
0.75 0.5 0.75 0.5 0.75 0.75 0.5 0.5 0.5 0.5 0.5 1.0 0.75 0.75 0.75 0.5 0.5 1.0 1.0 0.75 1.0 0.5 1.0
1.0 0.67 0.67 0.67 1.0 0.67 0.67 1.0
11.9031128
1.0 0.75 0.5 0.75 0.5 0.75 0.5 1.0 1.0 1.0 0.75 1.0 1.0 0.5 0.5 0.5 1.0 1.0 0.75 0.5 0.5 0.5 1.0
0.67 0.67 0.67 0.67 0.67 0.67 1.0 1.0
11.9091032
1.0 0.75 1.0 1.0 0.75 0.75 1.0 0.5 0.75 0.75 0.75 0.5 1.0 1.0 0.5 0.5 0.75 0.75 0.5 1.0 0.5 0.75 1.0
0.67 0.67 0.67 0.67 0.67 0.67 0.67 0.67
11.9334744
0.75 0.5 0.5 0.5 1.0 0.5 0.75 0.5 0.5 1.0 0.5 0.75 0.5 0.5 1.0 0.75 1.0 0.5 0.5 0.75 0.5 1.0 1.0
1.0 0.67 0.67 0.67 0.67 0.67 1.0 1.0
11.9414104
0.75 0.5 0.75 0.5 0.75 0.75 0.5 0.5 0.5 0.5 0.5 1.0 0.75 0.75 0.75 0.5 0.5 1.0 1.0 0.75 1.0 0.5 1.0
1.0 1.0 1.0 0.67 0.67 1.0 0.67 0.67
11.9702872
0.5 0.5 0.5 0.5 0.5 0.5 0.75 0.75 1.0 0.5 1.0 1.0 0.75 0.75 0.75 0.75 0.5 0.5 1.0 1.0 1.0 0.75 1.0
1.0 0.67 0.67 0.67 0.67 0.67 1.0 1.0
12.0034136
0.75 1.0 0.75 0.5 1.0 0.5 0.75 0.75 1.0 0.75 0.75 0.5 0.75 1.0 0.75 0.75 0.5 1.0 0.75 1.0 0.75 0.75 1.0
0.67 0.67 0.67 0.67 0.67 0.67 0.67 0.67
12.0292184
0.5 0.5 0.5 0.5 1.0 0.75 0.5 0.75 1.0 1.0 0.5 0.5 0.5 0.75 1.0 0.5 1.0 0.75 1.0 1.0 0.5 1.0 1.0
0.67 0.67 0.67 0.67 0.67 1.0 1.0 0.67
12.0338776
0.5 1.0 1.0 0.75 0.5 0.5 0.5 1.0 1.0 0.75 0.5 0.5 0.75 0.5 0.5 0.5 0.75 1.0 1.0 0.5 0.5 1.0 1.0
0.67 0.67 0.67 0.67 0.67 0.67 0.67 0.67
12.0517464
1.0 0.75 0.5 1.0 0.75 0.75 0.75 0.5 0.5 0.5 1.0 0.5 0.75 1.0 1.0 0.5 1.0 1.0 1.0 1.0 1.0 0.5 1.0
0.67 0.67 0.67 1.0 1.0 1.0 1.0 1.0
12.0673112
1.0 0.75 0.75 0.75 0.75 0.5 1.0 0.5 0.75 0.75 0.75 1.0 1.0 1.0 0.75 0.5 1.0 0.5 0.5 1.0 1.0 0.5 1.0
0.67 0.67 1.0 1.0 0.67 1.0 1.0 0.67
12.1119064
0.5 0.75 0.75 0.5 0.5 0.75 1.0 1.0 1.0 0.75 0.75 0.5 0.5 0.75 1.0 0.75 1.0 0.75 0.75 0.5 0.5 0.5 1.0
1.0 1.0 1.0 1.0 1.0 1.0 1.0 0.67
12.1378648
0.75 0.5 0.75 0.75 0.5 1.0 1.0 0.75 0.5 0.75 0.75 1.0 0.75 0.5 0.75 0.75 1.0 1.0 0.5 0.75 0.75 1.0 1.0
0.67 0.67 0.67 0.67 0.67 0.67 0.67 0.67
12.14022
0.5 0.5 0.5 1.0 0.75 1.0 0.75 0.5 0.75 0.5 0.75 1.0 0.5 1.0 0.75 0.5 1.0 1.0 0.5 0.75 1.0 1.0 1.0
1.0 1.0 1.0 0.67 1.0 0.67 1.0 1.0
12.1546584
1.0 0.5 0.5 1.0 0.5 0.5 0.75 1.0 1.0 0.5 0.75 0.5 0.75 0.5 0.75 1.0 0.5 0.5 0.75 1.0 0.75 0.75 1.0
0.67 0.67 0.67 0.67 0.67 0.67 0.67 0.67
12.1552216
1.0 0.5 0.5 1.0 0.5 0.5 0.75 1.0 1.0 0.5 0.75 0.5 0.75 0.5 0.75 1.0 0.5 0.5 0.75 1.0 0.75 0.75 1.0
0.67 0.67 0.67 0.67 0.67 0.67 0.67 0.67
12.1552216
0.5 1.0 0.5 1.0 1.0 0.5 1.0 0.75 0.75 0.5 0.75 0.5 1.0 1.0 0.5 0.75 0.5 0.75 0.5 0.5 0.75 0.75 1.0
1.0 1.0 1.0 1.0 1.0 1.0 1.0 0.67
12.1570648
0.5 0.5 1.0 0.5 0.75 0.75 0.5 0.75 0.5 1.0 0.5 0.5 0.5 1.0 0.75 1.0 0.5 1.0 0.5 1.0 0.5 1.0 1.0
0.67 0.67 0.67 0.67 0.67 0.67 0.67 1.0
12.2036568
0.5 0.5 1.0 0.5 0.75 0.75 0.5 0.75 0.5 1.0 0.5 0.5 0.5 1.0 0.75 1.0 0.5 1.0 0.5 1.0 0.5 1.0 1.0
0.67 0.67 0.67 0.67 0.67 0.67 0.67 1.0
12.2036568
0.5 0.75 0.75 0.75 1.0 1.0 1.0 0.5 0.75 0.5 0.5 0.75 0.75 0.75 0.75 0.75 0.5 0.75 0.5 0.75 0.5 0.5 1.0
1.0 1.0 1.0 0.67 0.67 1.0 0.67 0.67
12.2168152
0.5 1.0 0.5 0.75 0.75 1.0 0.5 0.5 0.5 0.75 0.75 0.5 0.75 0.75 0.5 0.75 0.75 1.0 1.0 0.5 0.75 1.0 1.0
0.67 0.67 1.0 1.0 0.67 1.0 1.0 0.67
12.2261336
0.75 0.75 1.0 1.0 0.5 0.5 1.0 1.0 0.75 1.0 0.75 0.5 0.75 1.0 0.5 0.5 0.5 0.5 0.75 1.0 1.0 0.75 1.0
0.67 0.67 0.67 0.67 0.67 0.67 0.67 1.0
12.2286936
1.0 0.75 0.75 0.75 0.75 1.0 1.0 0.75 0.5 0.5 1.0 0.5 1.0 0.75 0.5 0.75 1.0 0.5 0.5 0.75 0.75 0.5 1.0
0.67 0.67 0.67 0.67 0.67 1.0 1.0 1.0
12.2691416
0.5 1.0 0.75 1.0 1.0 1.0 0.75 0.5 0.5 0.75 0.5 0.75 0.5 0.5 1.0 0.5 1.0 0.75 0.5 0.5 0.5 1.0 1.0
0.67 0.67 0.67 0.67 0.67 1.0 1.0 1.0
12.2884952
0.5 0.5 0.5 0.5 0.5 0.5 0.75 0.75 1.0 0.5 1.0 1.0 0.75 0.75 0.75 0.75 0.5 0.5 1.0 1.0 1.0 0.75 1.0
0.67 0.67 1.0 1.0 0.67 1.0 1.0 0.67
12.2983256
1.0 0.5 0.75 1.0 0.75 0.5 1.0 0.5 0.75 1.0 0.5 0.75 0.5 0.75 0.5 0.75 1.0 1.0 0.5 0.75 1.0 1.0 1.0
0.67 0.67 0.67 0.67 0.67 0.67 0.67 0.67
12.3072344
0.75 0.5 1.0 0.5 0.75 1.0 0.75 0.5 0.75 1.0 0.75 0.5 1.0 0.75 0.75 0.5 1.0 0.75 1.0 0.75 0.5 1.0 1.0
0.67 0.67 0.67 0.67 0.67 0.67 0.67 0.67
12.3172696
0.5 1.0 0.5 0.75 0.75 1.0 0.5 0.5 0.5 0.75 0.75 0.5 0.75 0.75 0.5 0.75 0.75 1.0 1.0 0.5 0.75 1.0 1.0
0.67 0.67 0.67 0.67 0.67 1.0 1.0 1.0
12.324028
0.75 1.0 0.75 0.5 1.0 0.5 0.75 0.75 1.0 0.75 0.75 0.5 0.75 1.0 0.75 0.75 0.5 1.0 0.75 1.0 0.75 0.75 1.0
0.67 0.67 0.67 0.67 0.67 0.67 0.67 1.0
12.3244376
0.75 1.0 0.75 0.5 1.0 0.5 0.75 0.5 1.0 0.75 0.5 0.5 0.5 0.5 1.0 0.75 0.75 0.5 0.5 0.75 0.5 0.5 1.0
1.0 1.0 1.0 1.0 1.0 1.0 1.0 1.0
12.3557208
0.75 0.75 1.0 1.0 0.5 0.5 1.0 1.0 0.75 1.0 0.75 0.5 0.75 1.0 0.5 0.5 0.5 0.5 0.75 1.0 1.0 0.75 1.0
0.67 0.67 0.67 0.67 0.67 1.0 1.0 0.67
12.360892
0.5 0.75 0.75 0.75 1.0 1.0 1.0 0.5 0.75 0.5 0.5 0.75 0.75 0.75 0.75 0.75 0.5 0.75 0.5 0.75 0.5 0.5 1.0
0.67 1.0 1.0 0.67 1.0 1.0 0.67 0.67
12.3796312
0.5 0.75 0.75 0.75 1.0 1.0 1.0 0.5 0.75 0.5 0.5 0.75 0.75 0.75 0.75 0.75 0.5 0.75 0.5 0.75 0.5 0.5 1.0
0.67 1.0 1.0 0.67 1.0 1.0 0.67 0.67
12.3796312
0.75 0.5 1.0 0.5 0.75 0.75 0.5 0.75 0.75 1.0 1.0 0.75 0.5 0.5 0.75 0.75 0.75 0.75 1.0 1.0 0.5 0.5 1.0
0.67 0.67 0.67 0.67 0.67 0.67 0.67 0.67
12.3842392
0.5 0.5 0.5 1.0 0.75 1.0 0.75 0.5 0.75 0.5 0.75 1.0 0.5 1.0 0.75 0.5 1.0 1.0 0.5 0.75 1.0 1.0 1.0
1.0 1.0 1.0 1.0 1.0 1.0 1.0 1.0
12.4178264
0.5 0.5 1.0 0.5 0.5 1.0 0.75 0.5 0.75 0.5 0.5 1.0 0.75 1.0 0.5 0.5 0.75 1.0 1.0 0.5 0.5 1.0 1.0
0.67 0.67 0.67 0.67 0.67 0.67 0.67 1.0
12.419516
0.75 0.5 0.5 1.0 0.75 1.0 1.0 1.0 1.0 1.0 0.5 0.5 1.0 1.0 0.5 0.75 1.0 0.75 0.75 1.0 1.0 0.75 1.0
0.67 0.67 0.67 0.67 0.67 0.67 0.67 1.0
12.4503384
1.0 0.75 0.75 0.75 0.75 0.5 1.0 0.5 0.75 0.75 0.75 1.0 1.0 1.0 0.75 0.5 1.0 0.5 0.5 1.0 1.0 0.5 1.0
0.67 0.67 0.67 1.0 1.0 1.0 1.0 1.0
12.472764
0.5 1.0 0.75 1.0 1.0 1.0 0.75 0.5 0.5 0.75 0.5 0.75 0.5 0.5 1.0 0.5 1.0 0.75 0.5 0.5 0.5 1.0 1.0
1.0 1.0 0.67 1.0 1.0 1.0 0.67 0.67
12.4879704
0.75 0.5 0.75 0.5 0.75 0.75 0.5 0.5 0.5 0.5 0.5 1.0 0.75 0.75 0.75 0.5 0.5 1.0 1.0 0.75 1.0 0.5 1.0
1.0 1.0 1.0 1.0 1.0 0.67 0.67 0.67
12.49478
0.5 0.75 1.0 0.75 0.75 0.75 0.75 1.0 1.0 0.75 1.0 0.75 1.0 1.0 0.75 0.5 1.0 0.5 0.5 0.75 0.5 0.5 1.0
1.0 1.0 1.0 0.67 0.67 1.0 1.0 1.0
12.5419864
0.5 0.5 1.0 0.5 0.5 1.0 0.75 0.5 0.75 0.5 0.5 1.0 0.75 1.0 0.5 0.5 0.75 1.0 1.0 0.5 0.5 1.0 1.0
0.67 0.67 0.67 0.67 0.67 1.0 1.0 0.67
12.5518168
1.0 0.75 0.5 1.0 0.75 0.5 0.5 0.5 0.5 0.75 0.5 0.75 1.0 0.75 0.5 1.0 0.5 0.5 0.5 0.75 1.0 0.5 1.0
1.0 1.0 1.0 0.67 1.0 0.67 1.0 1.0
12.5542744
0.5 0.5 0.5 0.5 0.5 0.5 0.75 0.75 1.0 0.5 1.0 1.0 0.75 0.75 0.75 0.75 0.5 0.5 1.0 1.0 1.0 0.75 1.0
1.0 1.0 1.0 1.0 1.0 1.0 0.67 0.67
12.5629272
0.5 0.5 0.75 0.5 0.5 0.5 0.5 1.0 0.5 0.5 0.5 0.75 0.75 0.5 0.75 0.5 0.75 0.5 1.0 0.5 0.5 1.0 1.0
0.67 0.67 0.67 1.0 0.67 0.67 1.0 1.0
12.6018392
0.5 0.5 0.75 0.5 0.5 0.5 0.5 1.0 0.5 0.5 0.5 0.75 0.75 0.5 0.75 0.5 0.75 0.5 1.0 0.5 0.5 1.0 1.0
0.67 0.67 0.67 1.0 0.67 0.67 1.0 1.0
12.6018392
1.0 0.5 0.5 0.75 0.75 1.0 0.5 0.75 1.0 0.75 1.0 0.5 1.0 0.5 0.5 0.75 0.5 0.5 1.0 0.5 0.75 0.5 1.0
1.0 0.67 0.67 0.67 0.67 0.67 1.0 1.0
12.646844
1.0 0.5 0.5 0.75 0.75 1.0 0.5 0.75 1.0 0.75 1.0 0.5 1.0 0.5 0.5 0.75 0.5 0.5 1.0 0.5 0.75 0.5 1.0
1.0 0.67 0.67 0.67 0.67 0.67 1.0 1.0
12.646844
1.0 0.75 0.5 0.75 0.5 0.75 0.5 1.0 1.0 1.0 0.75 1.0 1.0 0.5 0.5 0.5 1.0 1.0 0.75 0.5 0.5 0.5 1.0
1.0 0.67 0.67 0.67 1.0 0.67 0.67 1.0
12.6662488
1.0 0.75 0.5 0.75 0.5 0.75 0.5 1.0 1.0 1.0 0.75 1.0 1.0 0.5 0.5 0.5 1.0 1.0 0.75 0.5 0.5 0.5 1.0
1.0 0.67 0.67 0.67 1.0 0.67 0.67 1.0
12.6662488
0.75 0.5 0.5 1.0 1.0 0.5 1.0 0.75 0.5 0.5 0.5 0.5 0.75 0.75 0.5 0.5 0.75 0.5 1.0 0.5 0.5 0.5 1.0
1.0 1.0 1.0 0.67 0.67 1.0 1.0 1.0
12.6742872
1.0 0.75 0.75 0.75 0.75 1.0 1.0 0.75 0.5 0.5 1.0 0.5 1.0 0.75 0.5 0.75 1.0 0.5 0.5 0.75 0.75 0.5 1.0
0.67 0.67 0.67 1.0 1.0 1.0 1.0 1.0
12.6958424
0.5 1.0 1.0 0.75 0.5 0.5 0.5 1.0 1.0 0.75 0.5 0.5 0.75 0.5 0.5 0.5 0.75 1.0 1.0 0.5 0.5 1.0 1.0
0.67 0.67 0.67 0.67 0.67 1.0 1.0 0.67
12.7087448
1.0 1.0 0.5 0.75 0.75 0.5 0.75 0.75 0.75 0.75 0.75 0.75 1.0 0.75 0.5 1.0 1.0 1.0 0.75 0.75 0.5 0.5 1.0
0.67 0.67 0.67 0.67 0.67 0.67 0.67 0.67
12.7173976
0.75 1.0 0.75 1.0 0.75 0.75 1.0 0.75 1.0 1.0 1.0 1.0 1.0 1.0 1.0 0.75 0.75 0.75 0.5 0.5 1.0 0.75 1.0
0.67 0.67 0.67 0.67 0.67 0.67 0.67 0.67
12.7741784
0.75 0.5 0.75 0.75 0.5 1.0 1.0 0.75 0.5 0.75 0.75 1.0 0.75 0.5 0.75 0.75 1.0 1.0 0.5 0.75 0.75 1.0 1.0
0.67 0.67 0.67 0.67 0.67 0.67 1.0 1.0
12.7963992
0.75 1.0 1.0 1.0 0.75 1.0 1.0 0.5 0.75 0.5 0.5 0.5 1.0 1.0 0.5 0.75 0.75 1.0 0.5 0.75 1.0 1.0 1.0
0.67 0.67 0.67 0.67 0.67 0.67 0.67 0.67
12.829884
0.75 1.0 0.75 0.5 0.75 0.5 0.5 0.75 1.0 0.5 0.5 1.0 0.75 1.0 1.0 0.75 0.5 0.5 0.5 0.5 1.0 1.0 1.0
0.67 0.67 0.67 0.67 1.0 0.67 1.0 0.67
12.8334168
0.5 1.0 1.0 0.75 1.0 0.75 0.5 0.5 1.0 1.0 0.5 0.5 0.5 0.5 0.5 0.75 1.0 0.5 1.0 0.5 0.75 0.5 1.0
0.67 0.67 0.67 0.67 0.67 0.67 1.0 1.0
12.8376664
0.5 1.0 1.0 0.75 0.5 0.5 0.5 1.0 1.0 0.75 0.5 0.5 0.75 0.5 0.5 0.5 0.75 1.0 1.0 0.5 0.5 1.0 1.0
1.0 0.67 0.67 0.67 1.0 0.67 0.67 1.0
12.840636
0.75 0.5 1.0 0.5 0.75 1.0 0.75 0.5 0.75 1.0 0.75 0.5 1.0 0.75 0.75 0.5 1.0 0.75 1.0 0.75 0.5 1.0 1.0
0.67 0.67 0.67 0.67 0.67 0.67 0.67 1.0
12.8419672
1.0 0.5 0.5 0.75 0.75 1.0 0.5 0.75 1.0 0.75 1.0 0.5 1.0 0.5 0.5 0.75 0.5 0.5 1.0 0.5 0.75 0.5 1.0
1.0 1.0 1.0 1.0 1.0 0.67 0.67 0.67
12.8445784
1.0 1.0 0.5 0.75 0.75 0.5 0.75 0.75 0.75 0.75 0.75 0.75 1.0 0.75 0.5 1.0 1.0 1.0 0.75 0.75 0.5 0.5 1.0
0.67 0.67 0.67 0.67 0.67 0.67 0.67 1.0
12.8486744
0.5 1.0 1.0 0.5 0.75 0.5 1.0 0.75 1.0 0.75 0.75 0.75 1.0 1.0 0.5 0.75 0.75 0.5 0.5 1.0 0.5 1.0 1.0
0.67 0.67 0.67 0.67 0.67 0.67 0.67 1.0
12.8635224
0.75 1.0 0.5 1.0 0.5 1.0 1.0 0.75 1.0 0.75 0.5 0.75 0.75 0.5 0.75 0.5 1.0 0.5 1.0 1.0 0.75 1.0 1.0
0.67 0.67 0.67 0.67 0.67 0.67 0.67 1.0
12.8894296
1.0 0.75 0.5 1.0 0.75 0.75 0.75 0.5 0.5 0.5 1.0 0.5 0.75 1.0 1.0 0.5 1.0 1.0 1.0 1.0 1.0 0.5 1.0
1.0 1.0 1.0 1.0 1.0 1.0 1.0 0.67
12.8910168
0.75 1.0 0.75 0.5 1.0 0.5 0.75 0.75 1.0 0.75 0.75 0.5 0.75 1.0 0.75 0.75 0.5 1.0 0.75 1.0 0.75 0.75 1.0
1.0 0.67 0.67 0.67 0.67 0.67 1.0 1.0
12.9173336
0.5 0.5 1.0 0.5 0.5 1.0 0.75 0.5 0.75 0.5 0.5 1.0 0.75 1.0 0.5 0.5 0.75 1.0 1.0 0.5 0.5 1.0 1.0
0.67 0.67 0.67 0.67 0.67 0.67 1.0 1.0
12.9446232
0.75 0.5 0.5 1.0 1.0 0.5 1.0 0.75 0.5 0.5 0.5 0.5 0.75 0.75 0.5 0.5 0.75 0.5 1.0 0.5 0.5 0.5 1.0
1.0 1.0 1.0 1.0 1.0 0.67 1.0 1.0
12.9690968
0.75 0.5 0.5 1.0 1.0 0.5 1.0 0.75 0.5 0.5 0.5 0.5 0.75 0.75 0.5 0.5 0.75 0.5 1.0 0.5 0.5 0.5 1.0
1.0 1.0 1.0 1.0 1.0 0.67 1.0 1.0
12.9690968
0.5 0.5 0.5 0.5 0.5 0.5 0.75 0.75 1.0 0.5 1.0 1.0 0.75 0.75 0.75 0.75 0.5 0.5 1.0 1.0 1.0 0.75 1.0
0.67 0.67 0.67 1.0 1.0 1.0 1.0 1.0
12.9871704
0.5 0.5 0.75 0.5 0.5 0.75 0.75 1.0 0.75 0.75 0.5 0.5 1.0 0.75 1.0 1.0 1.0 1.0 0.5 0.75 0.5 0.75 1.0
1.0 1.0 1.0 1.0 1.0 1.0 1.0 1.0
13.0269528
0.5 0.5 0.75 0.5 0.5 0.75 0.75 1.0 0.75 0.75 0.5 0.5 1.0 0.75 1.0 1.0 1.0 1.0 0.5 0.75 0.5 0.75 1.0
1.0 1.0 1.0 1.0 1.0 1.0 1.0 1.0
13.0269528
0.75 0.5 0.5 1.0 0.75 1.0 1.0 1.0 1.0 1.0 0.5 0.5 1.0 1.0 0.5 0.75 1.0 0.75 0.75 1.0 1.0 0.75 1.0
0.67 0.67 0.67 0.67 0.67 1.0 1.0 1.0
13.0420056
0.75 0.5 1.0 0.5 0.75 1.0 0.5 0.75 0.5 0.5 0.75 0.5 1.0 1.0 0.75 1.0 0.75 1.0 1.0 1.0 0.5 0.5 1.0
0.67 0.67 0.67 0.67 0.67 0.67 0.67 0.67
13.043644
1.0 1.0 1.0 0.5 1.0 0.5 0.75 0.5 1.0 1.0 0.5 0.75 1.0 0.75 1.0 0.75 1.0 0.75 0.5 1.0 0.75 0.5 1.0
0.67 0.67 0.67 0.67 0.67 0.67 0.67 1.0
13.0439
1.0 1.0 0.75 1.0 0.5 0.75 0.75 0.5 1.0 0.5 1.0 1.0 0.5 0.75 0.5 0.5 1.0 1.0 1.0 0.5 0.5 0.75 1.0
0.67 0.67 0.67 0.67 0.67 0.67 0.67 1.0
13.054908
1.0 0.75 1.0 0.75 0.5 1.0 1.0 0.5 0.5 0.75 0.75 0.5 0.75 0.5 0.5 1.0 0.75 0.5 0.5 0.5 0.75 1.0 1.0
0.67 0.67 0.67 0.67 0.67 0.67 0.67 0.67
13.0626392
0.5 0.5 1.0 0.5 0.5 1.0 0.75 0.5 0.75 0.5 0.5 1.0 0.75 1.0 0.5 0.5 0.75 1.0 1.0 0.5 0.5 1.0 1.0
0.67 0.67 0.67 1.0 0.67 0.67 1.0 1.0
13.0759
1.0 0.75 0.5 1.0 0.75 0.5 0.5 0.5 0.5 0.75 0.5 0.75 1.0 0.75 0.5 1.0 0.5 0.5 0.5 0.75 1.0 0.5 1.0
1.0 1.0 1.0 1.0 1.0 1.0 1.0 0.67
13.0802008
1.0 0.75 0.5 0.75 0.5 0.75 0.5 1.0 1.0 1.0 0.75 1.0 1.0 0.5 0.5 0.5 1.0 1.0 0.75 0.5 0.5 0.5 1.0
0.67 0.67 0.67 1.0 1.0 1.0 1.0 1.0
13.0907992
1.0 0.5 0.5 1.0 0.5 0.5 0.75 1.0 1.0 0.5 0.75 0.5 0.75 0.5 0.75 1.0 0.5 0.5 0.75 1.0 0.75 0.75 1.0
0.67 0.67 0.67 1.0 1.0 0.67 0.67 1.0
13.10662
0.75 1.0 0.75 0.5 0.75 0.5 0.5 0.75 1.0 0.5 0.5 1.0 0.75 1.0 1.0 0.75 0.5 0.5 0.5 0.5 1.0 1.0 1.0
0.67 0.67 0.67 1.0 0.67 0.67 1.0 1.0
13.1282264
0.75 1.0 0.75 0.5 0.75 0.5 0.5 0.75 1.0 0.5 0.5 1.0 0.75 1.0 1.0 0.75 0.5 0.5 0.5 0.5 1.0 1.0 1.0
0.67 0.67 0.67 0.67 0.67 1.0 1.0 1.0
13.129148
0.75 1.0 0.5 1.0 1.0 0.5 0.5 1.0 0.75 0.5 0.75 0.75 0.5 0.75 0.75 1.0 0.5 1.0 0.75 0.5 0.5 0.75 1.0
0.67 0.67 0.67 0.67 0.67 0.67 0.67 0.67
13.137596
0.5 1.0 0.75 1.0 1.0 1.0 0.75 0.5 0.5 0.75 0.5 0.75 0.5 0.5 1.0 0.5 1.0 0.75 0.5 0.5 0.5 1.0 1.0
1.0 1.0 1.0 1.0 1.0 1.0 1.0 0.67
13.1445592
0.75 0.5 0.75 0.5 0.75 0.75 0.5 0.5 0.5 0.5 0.5 1.0 0.75 0.75 0.75 0.5 0.5 1.0 1.0 0.75 1.0 0.5 1.0
1.0 1.0 1.0 1.0 1.0 1.0 1.0 0.67
13.1517784
1.0 0.75 0.75 0.75 0.75 0.5 1.0 0.5 0.75 0.75 0.75 1.0 1.0 1.0 0.75 0.5 1.0 0.5 0.5 1.0 1.0 0.5 1.0
1.0 1.0 1.0 1.0 1.0 0.67 0.67 0.67
13.1973464
0.75 1.0 0.75 1.0 0.75 0.75 1.0 0.75 1.0 1.0 1.0 1.0 1.0 1.0 1.0 0.75 0.75 0.75 0.5 0.5 1.0 0.75 1.0
0.67 0.67 0.67 0.67 0.67 0.67 1.0 1.0
13.2008792
0.75 1.0 0.75 1.0 0.75 0.75 1.0 0.75 1.0 1.0 1.0 1.0 1.0 1.0 1.0 0.75 0.75 0.75 0.5 0.5 1.0 0.75 1.0
0.67 0.67 0.67 0.67 0.67 0.67 1.0 1.0
13.2008792
0.5 0.75 1.0 0.75 0.75 0.75 0.75 1.0 1.0 0.75 1.0 0.75 1.0 1.0 0.75 0.5 1.0 0.5 0.5 0.75 0.5 0.5 1.0
1.0 1.0 1.0 1.0 1.0 1.0 0.67 1.0
13.2307288
0.5 0.75 1.0 0.75 0.75 0.75 0.75 1.0 1.0 0.75 1.0 0.75 1.0 1.0 0.75 0.5 1.0 0.5 0.5 0.75 0.5 0.5 1.0
1.0 1.0 1.0 1.0 1.0 1.0 0.67 1.0
13.2307288
0.5 0.75 0.75 0.75 1.0 1.0 0.75 0.75 1.0 1.0 1.0 1.0 0.75 1.0 0.75 0.75 0.75 1.0 0.75 1.0 1.0 0.75 1.0
0.67 0.67 0.67 0.67 0.67 0.67 0.67 0.67
13.2530008
0.75 0.5 0.75 0.75 0.75 1.0 0.5 0.75 1.0 0.75 0.5 0.5 1.0 0.5 0.5 0.75 0.75 0.5 1.0 0.75 0.5 1.0 1.0
0.67 0.67 0.67 0.67 0.67 0.67 0.67 1.0
13.2678488
0.75 0.5 0.5 1.0 0.75 1.0 1.0 1.0 1.0 1.0 0.5 0.5 1.0 1.0 0.5 0.75 1.0 0.75 0.75 1.0 1.0 0.75 1.0
0.67 0.67 0.67 1.0 0.67 0.67 1.0 1.0
13.2705624
0.5 0.5 1.0 0.75 0.75 0.75 0.5 1.0 1.0 0.75 0.5 0.75 1.0 1.0 0.75 0.75 0.75 0.75 1.0 0.5 1.0 0.5 1.0
0.67 0.67 1.0 0.67 0.67 1.0 0.67 0.67
13.2745048
0.5 0.5 1.0 0.5 0.75 0.75 0.5 0.75 0.5 1.0 0.5 0.5 0.5 1.0 0.75 1.0 0.5 1.0 0.5 1.0 0.5 1.0 1.0
0.67 0.67 0.67 1.0 1.0 1.0 1.0 1.0
13.2877656
0.5 1.0 1.0 0.5 0.75 0.5 1.0 0.75 1.0 0.75 0.75 0.75 1.0 1.0 0.5 0.75 0.75 0.5 0.5 1.0 0.5 1.0 1.0
1.0 0.67 0.67 0.67 1.0 0.67 0.67 1.0
13.2917592
1.0 1.0 0.5 1.0 0.75 1.0 1.0 1.0 1.0 0.75 1.0 1.0 1.0 1.0 1.0 0.5 1.0 0.75 0.5 1.0 0.5 0.75 1.0
0.67 0.67 0.67 0.67 0.67 0.67 0.67 0.67
13.3029208
1.0 1.0 0.5 1.0 0.75 1.0 1.0 1.0 1.0 0.75 1.0 1.0 1.0 1.0 1.0 0.5 1.0 0.75 0.5 1.0 0.5 0.75 1.0
0.67 0.67 0.67 0.67 0.67 0.67 0.67 0.67
13.3029208
1.0 0.75 0.75 0.75 0.75 0.5 1.0 0.5 0.75 0.75 0.75 1.0 1.0 1.0 0.75 0.5 1.0 0.5 0.5 1.0 1.0 0.5 1.0
1.0 1.0 1.0 0.67 1.0 0.67 1.0 1.0
13.328828
0.75 0.5 1.0 0.5 0.75 0.75 0.5 0.75 0.75 1.0 1.0 0.75 0.5 0.5 0.75 0.75 0.75 0.75 1.0 1.0 0.5 0.5 1.0
1.0 0.67 0.67 0.67 0.67 0.67 1.0 1.0
13.3379928
1.0 1.0 1.0 0.5 1.0 0.5 0.75 0.5 1.0 1.0 0.5 0.75 1.0 0.75 1.0 0.75 1.0 0.75 0.5 1.0 0.75 0.5 1.0
0.67 0.67 0.67 0.67 1.0 0.67 1.0 0.67
13.3396312
0.5 0.5 0.5 0.5 1.0 0.75 0.5 0.75 1.0 1.0 0.5 0.5 0.5 0.75 1.0 0.5 1.0 0.75 1.0 1.0 0.5 1.0 1.0
1.0 1.0 1.0 0.67 1.0 0.67 1.0 1.0
13.3478744
0.75 0.5 1.0 0.5 0.75 1.0 0.75 0.5 0.75 1.0 0.75 0.5 1.0 0.75 0.75 0.5 1.0 0.75 1.0 0.75 0.5 1.0 1.0
0.67 0.67 0.67 0.67 0.67 0.67 1.0 1.0
13.3670744
1.0 0.75 1.0 1.0 0.75 0.75 1.0 0.5 0.75 0.75 0.75 0.5 1.0 1.0 0.5 0.5 0.75 0.75 0.5 1.0 0.5 0.75 1.0
1.0 1.0 0.67 1.0 1.0 1.0 0.67 0.67
13.3816152
0.75 1.0 0.5 1.0 0.5 1.0 1.0 0.75 1.0 0.75 0.5 0.75 0.75 0.5 0.75 0.5 1.0 0.5 1.0 1.0 0.75 1.0 1.0
0.67 0.67 0.67 0.67 0.67 0.67 1.0 1.0
13.4145368
1.0 1.0 0.75 0.5 0.5 0.75 1.0 0.5 1.0 1.0 0.75 0.75 0.75 1.0 1.0 1.0 0.5 0.75 0.5 0.75 1.0 1.0 1.0
0.67 0.67 1.0 1.0 1.0 0.67 1.0 0.67
13.4305112
1.0 1.0 1.0 0.5 1.0 0.5 0.75 0.5 1.0 1.0 0.5 0.75 1.0 0.75 1.0 0.75 1.0 0.75 0.5 1.0 0.75 0.5 1.0
0.67 0.67 0.67 1.0 1.0 0.67 0.67 1.0
13.4707032
1.0 1.0 0.75 1.0 0.5 0.75 0.75 0.5 1.0 0.5 1.0 1.0 0.5 0.75 0.5 0.5 1.0 1.0 1.0 0.5 0.5 0.75 1.0
0.67 0.67 0.67 0.67 0.67 0.67 1.0 1.0
13.5800152
1.0 1.0 0.75 1.0 1.0 1.0 0.5 0.75 1.0 0.75 0.75 0.75 0.5 0.75 1.0 0.5 1.0 1.0 0.5 0.75 0.5 1.0 1.0
0.67 0.67 0.67 0.67 0.67 0.67 0.67 0.67
13.5888728
0.5 0.5 0.75 0.5 0.5 0.5 0.5 1.0 0.5 0.5 0.5 0.75 0.75 0.5 0.75 0.5 0.75 0.5 1.0 0.5 0.5 1.0 1.0
1.0 1.0 1.0 1.0 1.0 1.0 1.0 1.0
13.5895896
0.5 0.5 0.75 0.5 0.5 0.5 0.5 1.0 0.5 0.5 0.5 0.75 0.75 0.5 0.75 0.5 0.75 0.5 1.0 0.5 0.5 1.0 1.0
1.0 1.0 1.0 1.0 1.0 1.0 1.0 1.0
13.5895896
1.0 0.5 0.5 1.0 0.5 0.5 0.75 1.0 1.0 0.5 0.75 0.5 0.75 0.5 0.75 1.0 0.5 0.5 0.75 1.0 0.75 0.75 1.0
1.0 1.0 1.0 1.0 1.0 0.67 0.67 0.67
13.6023384
0.75 0.75 0.75 1.0 0.75 0.75 1.0 1.0 1.0 1.0 1.0 0.5 0.5 0.75 1.0 1.0 0.5 0.5 1.0 0.75 1.0 0.5 1.0
0.67 0.67 0.67 0.67 0.67 0.67 0.67 1.0
13.6071512
1.0 0.75 0.75 1.0 0.5 0.5 0.75 0.75 0.75 1.0 0.5 0.75 1.0 0.75 0.75 0.75 0.75 0.5 1.0 0.75 1.0 1.0 1.0
0.67 0.67 0.67 0.67 0.67 0.67 0.67 0.67
13.6093016
0.75 0.75 1.0 1.0 0.5 0.5 1.0 1.0 0.75 1.0 0.75 0.5 0.75 1.0 0.5 0.5 0.5 0.5 0.75 1.0 1.0 0.75 1.0
1.0 1.0 1.0 0.67 1.0 0.67 1.0 1.0
13.6104792
0.5 0.5 1.0 0.75 0.75 0.75 0.5 1.0 1.0 0.75 0.5 0.75 1.0 1.0 0.75 0.75 0.75 0.75 1.0 0.5 1.0 0.5 1.0
0.67 0.67 0.67 1.0 1.0 0.67 0.67 1.0
13.6343384
0.75 1.0 0.5 1.0 0.5 1.0 1.0 0.75 1.0 0.75 0.5 0.75 0.75 0.5 0.75 0.5 1.0 0.5 1.0 1.0 0.75 1.0 1.0
1.0 1.0 1.0 1.0 1.0 1.0 0.67 0.67
13.6481112
1.0 0.5 0.75 1.0 0.75 0.5 1.0 0.5 0.75 1.0 0.5 0.75 0.5 0.75 0.5 0.75 1.0 1.0 0.5 0.75 1.0 1.0 1.0
1.0 0.67 0.67 0.67 1.0 0.67 0.67 1.0
13.6550232
1.0 0.5 0.5 0.75 0.75 1.0 0.5 0.75 1.0 0.75 1.0 0.5 1.0 0.5 0.5 0.75 0.5 0.5 1.0 0.5 0.75 0.5 1.0
1.0 1.0 1.0 1.0 1.0 1.0 1.0 0.67
13.6658264
0.75 0.75 1.0 1.0 0.5 0.5 0.5 0.75 0.75 0.75 0.5 0.75 0.75 0.75 0.5 1.0 1.0 0.75 0.75 0.75 0.5 1.0 1.0
0.67 0.67 0.67 0.67 0.67 0.67 0.67 0.67
13.6668504
0.75 0.75 1.0 1.0 0.5 0.5 0.5 0.75 0.75 0.75 0.5 0.75 0.75 0.75 0.5 1.0 1.0 0.75 0.75 0.75 0.5 1.0 1.0
0.67 0.67 0.67 0.67 0.67 0.67 0.67 0.67
13.6668504
1.0 1.0 0.75 1.0 0.5 0.75 0.75 0.5 1.0 0.5 1.0 1.0 0.5 0.75 0.5 0.5 1.0 1.0 1.0 0.5 0.5 0.75 1.0
0.67 0.67 1.0 1.0 0.67 1.0 1.0 0.67
13.6794456
1.0 0.75 0.75 0.75 0.75 1.0 1.0 0.75 0.5 0.5 1.0 0.5 1.0 0.75 0.5 0.75 1.0 0.5 0.5 0.75 0.75 0.5 1.0
1.0 1.0 1.0 1.0 1.0 1.0 1.0 0.67
13.6837976
0.75 0.5 0.75 0.75 0.5 1.0 1.0 0.75 0.5 0.75 0.75 1.0 0.75 0.5 0.75 0.75 1.0 1.0 0.5 0.75 0.75 1.0 1.0
1.0 1.0 1.0 1.0 1.0 0.67 0.67 0.67
13.6855384
1.0 1.0 0.75 0.5 0.5 0.75 1.0 0.5 1.0 1.0 0.75 0.75 0.75 1.0 1.0 1.0 0.5 0.75 0.5 0.75 1.0 1.0 1.0
0.67 0.67 0.67 1.0 1.0 0.67 0.67 1.0
13.6922456
0.75 0.75 1.0 1.0 0.5 1.0 1.0 0.75 1.0 0.75 0.5 0.75 0.75 0.75 0.75 0.5 1.0 0.5 0.75 0.75 0.5 1.0 1.0
0.67 0.67 1.0 1.0 0.67 1.0 1.0 0.67
13.699772
1.0 1.0 1.0 0.5 1.0 0.5 0.75 0.5 1.0 1.0 0.5 0.75 1.0 0.75 1.0 0.75 1.0 0.75 0.5 1.0 0.75 0.5 1.0
1.0 0.67 0.67 0.67 0.67 0.67 1.0 1.0
13.7029464
1.0 0.5 1.0 1.0 0.5 0.75 0.5 1.0 0.5 0.75 0.75 0.75 0.75 0.75 0.5 1.0 0.75 0.5 0.75 1.0 0.5 0.5 1.0
0.67 0.67 0.67 0.67 0.67 0.67 0.67 0.67
13.705916
0.75 0.75 1.0 1.0 0.5 0.5 1.0 1.0 0.75 1.0 0.75 0.5 0.75 1.0 0.5 0.5 0.5 0.5 0.75 1.0 1.0 0.75 1.0
1.0 1.0 1.0 1.0 0.67 0.67 0.67 1.0
13.7081688
0.5 0.5 1.0 0.5 0.75 0.75 0.5 0.75 0.5 1.0 0.5 0.5 0.5 1.0 0.75 1.0 0.5 1.0 0.5 1.0 0.5 1.0 1.0
1.0 1.0 1.0 1.0 1.0 1.0 1.0 0.67
13.7172312
1.0 0.75 1.0 0.75 0.5 1.0 1.0 0.5 0.5 0.75 0.75 0.5 0.75 0.5 0.5 1.0 0.75 0.5 0.5 0.5 0.75 1.0 1.0
0.67 0.67 0.67 0.67 0.67 1.0 1.0 0.67
13.7200472
0.5 1.0 1.0 0.5 0.75 0.5 1.0 0.75 1.0 0.75 0.75 0.75 1.0 1.0 0.5 0.75 0.75 0.5 0.5 1.0 0.5 1.0 1.0
0.67 1.0 1.0 0.67 1.0 1.0 0.67 0.67
13.7519448
0.5 0.5 0.5 1.0 0.75 0.75 0.75 1.0 0.75 0.75 0.75 0.75 1.0 1.0 0.75 1.0 0.5 0.5 0.75 1.0 1.0 1.0 1.0
1.0 0.67 0.67 0.67 1.0 0.67 0.67 1.0
13.7552216
0.75 0.5 0.5 1.0 0.75 1.0 1.0 1.0 1.0 1.0 0.5 0.5 1.0 1.0 0.5 0.75 1.0 0.75 0.75 1.0 1.0 0.75 1.0
1.0 1.0 1.0 0.67 0.67 1.0 1.0 1.0
13.7667928
0.5 0.5 0.5 0.5 1.0 0.75 0.5 0.75 1.0 1.0 0.5 0.5 0.5 0.75 1.0 0.5 1.0 0.75 1.0 1.0 0.5 1.0 1.0
1.0 1.0 1.0 1.0 1.0 1.0 1.0 1.0
13.7749848
0.75 0.75 1.0 1.0 0.5 1.0 1.0 0.75 1.0 0.75 0.5 0.75 0.75 0.75 0.75 0.5 1.0 0.5 0.75 0.75 0.5 1.0 1.0
0.67 0.67 0.67 0.67 0.67 1.0 1.0 1.0
13.7977688
1.0 1.0 0.5 0.75 1.0 0.5 1.0 1.0 0.5 1.0 1.0 1.0 0.5 0.75 0.75 0.5 0.75 1.0 0.75 0.5 0.75 0.75 1.0
0.67 0.67 0.67 0.67 0.67 0.67 0.67 1.0
13.8151256
1.0 0.75 1.0 1.0 0.75 0.75 1.0 0.5 0.75 0.75 0.75 0.5 1.0 1.0 0.5 0.5 0.75 0.75 0.5 1.0 0.5 0.75 1.0
1.0 1.0 1.0 0.67 1.0 0.67 1.0 1.0
13.8406744
1.0 0.75 1.0 1.0 0.75 0.75 1.0 0.5 0.75 0.75 0.75 0.5 1.0 1.0 0.5 0.5 0.75 0.75 0.5 1.0 0.5 0.75 1.0
1.0 1.0 1.0 0.67 1.0 0.67 1.0 1.0
13.8406744
1.0 0.75 1.0 0.75 0.5 1.0 1.0 0.5 0.5 0.75 0.75 0.5 0.75 0.5 0.5 1.0 0.75 0.5 0.5 0.5 0.75 1.0 1.0
0.67 0.67 0.67 1.0 1.0 0.67 0.67 1.0
13.8500952
0.5 1.0 1.0 0.5 0.75 0.5 1.0 0.75 1.0 0.75 0.75 0.75 1.0 1.0 0.5 0.75 0.75 0.5 0.5 1.0 0.5 1.0 1.0
1.0 1.0 0.67 1.0 1.0 1.0 0.67 0.67
13.884348
0.5 1.0 0.5 1.0 0.75 1.0 0.5 1.0 1.0 0.75 0.75 0.75 0.75 1.0 0.75 0.75 0.5 1.0 0.75 1.0 0.75 0.75 1.0
1.0 1.0 1.0 1.0 1.0 1.0 1.0 1.0
13.8886488
0.5 1.0 0.5 1.0 0.75 1.0 0.5 1.0 1.0 0.75 0.75 0.75 0.75 1.0 0.75 0.75 0.5 1.0 0.75 1.0 0.75 0.75 1.0
1.0 1.0 1.0 1.0 1.0 1.0 1.0 1.0
13.8886488
0.75 1.0 0.75 1.0 0.75 0.75 1.0 0.75 1.0 1.0 1.0 1.0 1.0 1.0 1.0 0.75 0.75 0.75 0.5 0.5 1.0 0.75 1.0
1.0 0.67 0.67 0.67 1.0 0.67 0.67 1.0
13.8918744
1.0 1.0 0.5 0.75 0.75 0.5 0.75 0.75 0.75 0.75 0.75 0.75 1.0 0.75 0.5 1.0 1.0 1.0 0.75 0.75 0.5 0.5 1.0
0.67 0.67 1.0 1.0 1.0 0.67 1.0 0.67
13.899196
1.0 1.0 0.75 0.5 0.75 1.0 0.75 1.0 0.5 0.75 0.75 1.0 1.0 1.0 0.5 0.75 0.75 0.75 0.75 1.0 0.5 0.5 1.0
0.67 0.67 0.67 0.67 0.67 0.67 0.67 0.67
13.9118424
0.75 1.0 1.0 0.75 1.0 0.5 0.5 1.0 0.5 0.5 0.75 1.0 0.5 1.0 0.5 0.5 0.75 1.0 0.75 1.0 1.0 0.75 1.0
0.67 0.67 0.67 0.67 0.67 0.67 0.67 0.67
13.9224408
1.0 1.0 0.75 0.5 0.5 0.75 1.0 0.5 1.0 1.0 0.75 0.75 0.75 1.0 1.0 1.0 0.5 0.75 0.5 0.75 1.0 1.0 1.0
0.67 0.67 0.67 0.67 0.67 1.0 1.0 1.0
13.9228504
0.75 0.5 0.75 0.75 0.75 1.0 0.5 0.75 1.0 0.75 0.5 0.5 1.0 0.5 0.5 0.75 0.75 0.5 1.0 0.75 0.5 1.0 1.0
1.0 1.0 1.0 0.67 0.67 1.0 0.67 0.67
13.9283288
0.75 0.75 1.0 1.0 0.5 0.75 1.0 0.75 1.0 0.75 0.5 0.75 0.75 0.75 1.0 1.0 1.0 1.0 0.5 0.75 0.75 0.75 1.0
0.67 0.67 0.67 1.0 1.0 0.67 0.67 1.0
13.9594072
0.75 0.75 1.0 1.0 0.5 1.0 1.0 0.75 1.0 0.75 0.5 0.75 0.75 0.75 0.75 0.5 1.0 0.5 0.75 0.75 0.5 1.0 1.0
0.67 0.67 0.67 1.0 0.67 0.67 1.0 1.0
13.9610968
0.75 0.75 1.0 1.0 0.5 1.0 1.0 0.75 1.0 0.75 0.5 0.75 0.75 0.75 0.75 0.5 1.0 0.5 0.75 0.75 0.5 1.0 1.0
1.0 0.67 0.67 0.67 1.0 0.67 0.67 1.0
13.9632472
0.75 0.5 0.75 1.0 1.0 0.75 1.0 0.5 1.0 1.0 0.5 0.5 0.75 1.0 1.0 1.0 1.0 1.0 0.5 1.0 1.0 1.0 1.0
0.67 0.67 0.67 1.0 0.67 0.67 1.0 1.0
13.9709272
1.0 0.75 0.75 0.75 0.5 0.75 1.0 0.5 1.0 0.5 0.5 1.0 0.75 0.5 1.0 0.75 1.0 0.75 1.0 1.0 0.5 0.75 1.0
0.67 0.67 1.0 0.67 0.67 1.0 0.67 0.67
14.0045656
0.75 1.0 0.75 0.5 0.75 0.5 0.5 0.75 1.0 0.5 0.5 1.0 0.75 1.0 1.0 0.75 0.5 0.5 0.5 0.5 1.0 1.0 1.0
1.0 1.0 1.0 0.67 0.67 1.0 1.0 1.0
14.0181848
1.0 1.0 0.5 0.75 1.0 1.0 0.5 1.0 1.0 0.75 0.75 0.75 0.5 0.75 1.0 0.5 1.0 0.75 0.75 1.0 0.5 1.0 1.0
0.67 0.67 0.67 0.67 0.67 0.67 0.67 0.67
14.023868
0.75 1.0 0.5 1.0 0.5 1.0 1.0 0.75 1.0 0.75 0.5 0.75 0.75 0.5 0.75 0.5 1.0 0.5 1.0 1.0 0.75 1.0 1.0
1.0 1.0 1.0 0.67 0.67 1.0 1.0 1.0
14.1071704
0.75 0.5 0.75 0.75 0.5 1.0 1.0 0.75 0.5 0.75 0.75 1.0 0.75 0.5 0.75 0.75 1.0 1.0 0.5 0.75 0.75 1.0 1.0
1.0 1.0 1.0 1.0 1.0 1.0 1.0 0.67
14.1131608
1.0 0.5 1.0 1.0 0.5 0.75 0.5 1.0 0.5 0.75 0.75 0.75 0.75 0.75 0.5 1.0 0.75 0.5 0.75 1.0 0.5 0.5 1.0
0.67 0.67 0.67 0.67 0.67 0.67 1.0 1.0
14.1327192
1.0 0.75 0.75 1.0 0.5 0.5 0.75 0.75 0.75 1.0 0.5 0.75 1.0 0.75 0.75 0.75 0.75 0.5 1.0 0.75 1.0 1.0 1.0
0.67 0.67 0.67 0.67 0.67 0.67 0.67 1.0
14.1339992
0.5 0.75 0.75 0.75 1.0 1.0 0.75 0.75 1.0 1.0 1.0 1.0 0.75 1.0 0.75 0.75 0.75 1.0 0.75 1.0 1.0 0.75 1.0
0.67 0.67 0.67 0.67 0.67 1.0 1.0 1.0
14.1398872
0.5 0.5 0.5 1.0 0.75 0.75 0.75 1.0 0.75 0.75 0.75 0.75 1.0 1.0 0.75 1.0 0.5 0.5 0.75 1.0 1.0 1.0 1.0
0.67 0.67 0.67 1.0 1.0 0.67 0.67 1.0
14.1472088
0.5 0.5 0.5 1.0 0.75 0.75 0.75 1.0 0.75 0.75 0.75 0.75 1.0 1.0 0.75 1.0 0.5 0.5 0.75 1.0 1.0 1.0 1.0
0.67 0.67 0.67 0.67 0.67 1.0 1.0 1.0
14.1484376
0.5 0.5 0.5 1.0 0.75 0.75 0.75 1.0 0.75 0.75 0.75 0.75 1.0 1.0 0.75 1.0 0.5 0.5 0.75 1.0 1.0 1.0 1.0
0.67 0.67 0.67 0.67 0.67 1.0 1.0 1.0
14.1484376
0.5 1.0 1.0 0.75 1.0 0.75 0.5 0.5 1.0 1.0 0.5 0.5 0.5 0.5 0.5 0.75 1.0 0.5 1.0 0.5 0.75 0.5 1.0
1.0 1.0 1.0 0.67 1.0 0.67 1.0 1.0
14.152892
0.5 1.0 1.0 0.75 0.5 0.5 0.5 1.0 1.0 0.75 0.5 0.5 0.75 0.5 0.5 0.5 0.75 1.0 1.0 0.5 0.5 1.0 1.0
1.0 1.0 1.0 1.0 1.0 1.0 1.0 0.67
14.1550424
1.0 1.0 0.5 0.75 1.0 0.5 1.0 1.0 0.5 1.0 1.0 1.0 0.5 0.75 0.75 0.5 0.75 1.0 0.75 0.5 0.75 0.75 1.0
0.67 0.67 1.0 0.67 0.67 1.0 0.67 0.67
14.1769048
0.75 1.0 1.0 1.0 0.75 1.0 1.0 0.5 0.75 0.5 0.5 0.5 1.0 1.0 0.5 0.75 0.75 1.0 0.5 0.75 1.0 1.0 1.0
1.0 1.0 1.0 1.0 1.0 0.67 0.67 0.67
14.2114648
0.75 0.5 0.75 1.0 1.0 0.75 1.0 0.5 1.0 1.0 0.5 0.5 0.75 1.0 1.0 1.0 1.0 1.0 0.5 1.0 1.0 1.0 1.0
0.67 0.67 1.0 0.67 0.67 1.0 0.67 0.67
14.2345048
1.0 1.0 0.5 1.0 0.75 1.0 1.0 1.0 1.0 0.75 1.0 1.0 1.0 1.0 1.0 0.5 1.0 0.75 0.5 1.0 0.5 0.75 1.0
1.0 0.67 0.67 0.67 0.67 0.67 1.0 1.0
14.2571864
1.0 1.0 0.5 0.75 0.75 0.5 0.75 0.75 0.75 0.75 0.75 0.75 1.0 0.75 0.5 1.0 1.0 1.0 0.75 0.75 0.5 0.5 1.0
1.0 1.0 1.0 1.0 1.0 0.67 0.67 0.67
14.2631256
1.0 0.5 1.0 1.0 0.5 0.5 1.0 0.5 1.0 1.0 0.5 1.0 0.75 1.0 0.5 0.5 0.5 0.75 1.0 1.0 0.5 0.5 1.0
1.0 1.0 1.0 1.0 0.67 0.67 0.67 1.0
14.299836
0.5 1.0 1.0 0.75 1.0 0.75 0.5 0.5 1.0 1.0 0.5 0.5 0.5 0.5 0.5 0.75 1.0 0.5 1.0 0.5 0.75 0.5 1.0
1.0 1.0 1.0 0.67 0.67 1.0 1.0 1.0
14.3175512
0.5 1.0 1.0 0.75 1.0 0.75 0.5 0.5 1.0 1.0 0.5 0.5 0.5 0.5 0.5 0.75 1.0 0.5 1.0 0.5 0.75 0.5 1.0
1.0 1.0 1.0 0.67 0.67 1.0 1.0 1.0
14.3175512
1.0 0.75 1.0 0.5 1.0 0.75 0.5 1.0 0.75 0.5 0.75 0.5 1.0 0.75 1.0 0.75 0.75 0.5 1.0 0.5 0.5 0.5 1.0
0.67 0.67 0.67 0.67 0.67 0.67 0.67 1.0
14.3682904
0.5 0.75 0.75 0.75 1.0 1.0 0.75 0.75 1.0 1.0 1.0 1.0 0.75 1.0 0.75 0.75 0.75 1.0 0.75 1.0 1.0 0.75 1.0
0.67 0.67 0.67 1.0 1.0 0.67 0.67 1.0
14.3685464
1.0 0.5 0.75 1.0 0.75 0.5 1.0 0.5 0.75 1.0 0.5 0.75 0.5 0.75 0.5 0.75 1.0 1.0 0.5 0.75 1.0 1.0 1.0
1.0 1.0 1.0 0.67 1.0 0.67 1.0 1.0
14.378172
0.75 0.75 0.5 1.0 1.0 1.0 0.5 1.0 0.75 0.75 0.5 0.5 1.0 0.75 0.75 1.0 0.75 0.5 1.0 0.75 0.5 0.75 1.0
0.67 0.67 0.67 0.67 0.67 0.67 0.67 1.0
14.3895896
1.0 0.75 0.75 0.75 0.5 0.75 1.0 0.5 1.0 0.5 0.5 1.0 0.75 0.5 1.0 0.75 1.0 0.75 1.0 1.0 0.5 0.75 1.0
0.67 0.67 0.67 0.67 0.67 0.67 1.0 1.0
14.3972696
1.0 0.75 0.75 0.75 0.5 0.75 1.0 0.5 1.0 0.5 0.5 1.0 0.75 0.5 1.0 0.75 1.0 0.75 1.0 1.0 0.5 0.75 1.0
0.67 0.67 0.67 0.67 0.67 1.0 1.0 0.67
14.3981912
0.75 0.75 0.75 1.0 0.75 0.75 1.0 1.0 1.0 1.0 1.0 0.5 0.5 0.75 1.0 1.0 0.5 0.5 1.0 0.75 1.0 0.5 1.0
1.0 0.67 0.67 0.67 0.67 0.67 1.0 1.0
14.429628
1.0 1.0 0.5 0.75 1.0 1.0 0.5 1.0 1.0 0.75 0.75 0.75 0.5 0.75 1.0 0.5 1.0 0.75 0.75 1.0 0.5 1.0 1.0
0.67 0.67 0.67 0.67 0.67 1.0 1.0 0.67
14.4512856
1.0 1.0 0.5 0.75 1.0 1.0 0.5 1.0 1.0 0.75 0.75 0.75 0.5 0.75 1.0 0.5 1.0 0.75 0.75 1.0 0.5 1.0 1.0
0.67 0.67 0.67 0.67 0.67 1.0 1.0 0.67
14.4512856
0.75 0.5 1.0 0.5 0.75 0.75 0.5 0.75 0.75 1.0 1.0 0.75 0.5 0.5 0.75 0.75 0.75 0.75 1.0 1.0 0.5 0.5 1.0
1.0 1.0 1.0 0.67 1.0 0.67 1.0 1.0
14.454972
0.75 1.0 0.75 0.5 1.0 0.5 0.75 0.75 1.0 0.75 0.75 0.5 0.75 1.0 0.75 0.75 0.5 1.0 0.75 1.0 0.75 0.75 1.0
1.0 1.0 1.0 1.0 1.0 1.0 1.0 1.0
14.4614232
0.75 1.0 1.0 0.75 1.0 0.5 0.5 1.0 0.5 0.5 0.75 1.0 0.5 1.0 0.5 0.5 0.75 1.0 0.75 1.0 1.0 0.75 1.0
0.67 0.67 0.67 0.67 0.67 0.67 1.0 1.0
14.5131864
0.5 1.0 1.0 1.0 1.0 1.0 0.5 1.0 1.0 1.0 1.0 0.75 1.0 1.0 1.0 0.5 1.0 1.0 1.0 1.0 1.0 0.75 1.0
0.67 0.67 0.67 0.67 0.67 0.67 0.67 0.67
14.5190232
0.75 0.75 1.0 1.0 0.5 0.75 1.0 0.75 1.0 0.75 0.5 0.75 0.75 0.75 1.0 1.0 1.0 1.0 0.5 0.75 0.75 0.75 1.0
1.0 1.0 1.0 0.67 0.67 1.0 0.67 0.67
14.5541464
0.75 1.0 0.75 1.0 1.0 0.75 0.75 1.0 0.5 0.5 0.75 0.5 0.75 1.0 0.5 0.75 1.0 0.5 0.5 0.75 1.0 1.0 1.0
0.67 0.67 0.67 1.0 0.67 0.67 1.0 1.0
14.5640792
0.75 1.0 1.0 1.0 0.75 1.0 1.0 0.5 0.75 0.5 0.5 0.5 1.0 1.0 0.5 0.75 0.75 1.0 0.5 0.75 1.0 1.0 1.0
1.0 1.0 1.0 1.0 0.67 0.67 0.67 1.0
14.6046808
0.75 1.0 1.0 1.0 0.75 1.0 1.0 0.5 0.75 0.5 0.5 0.5 1.0 1.0 0.5 0.75 0.75 1.0 0.5 0.75 1.0 1.0 1.0
1.0 1.0 1.0 1.0 1.0 1.0 1.0 0.67
14.6390872
0.75 0.5 1.0 0.5 0.75 1.0 0.5 0.75 0.5 0.5 0.75 0.5 1.0 1.0 0.75 1.0 0.75 1.0 1.0 1.0 0.5 0.5 1.0
0.67 0.67 0.67 1.0 1.0 1.0 1.0 1.0
14.6526552
1.0 0.5 0.75 1.0 1.0 1.0 1.0 0.5 0.5 1.0 0.75 0.5 1.0 1.0 1.0 0.75 0.5 0.75 1.0 0.5 1.0 0.75 1.0
0.67 0.67 0.67 0.67 0.67 1.0 1.0 1.0
14.6536792
1.0 0.5 0.75 1.0 1.0 1.0 1.0 0.5 0.5 1.0 0.75 0.5 1.0 1.0 1.0 0.75 0.5 0.75 1.0 0.5 1.0 0.75 1.0
0.67 0.67 0.67 0.67 0.67 1.0 1.0 1.0
14.6536792
1.0 0.75 0.5 1.0 1.0 0.5 1.0 1.0 0.75 0.75 0.5 0.5 0.5 0.75 0.5 1.0 1.0 1.0 1.0 0.5 0.75 0.75 1.0
0.67 0.67 0.67 0.67 0.67 0.67 0.67 0.67
14.6717528
1.0 1.0 0.75 1.0 1.0 1.0 0.5 0.75 1.0 0.75 0.75 0.75 0.5 0.75 1.0 0.5 1.0 1.0 0.5 0.75 0.5 1.0 1.0
0.67 0.67 1.0 1.0 0.67 1.0 1.0 0.67
14.672572
0.75 0.5 1.0 0.5 0.75 1.0 0.5 0.75 0.5 0.5 0.75 0.5 1.0 1.0 0.75 1.0 0.75 1.0 1.0 1.0 0.5 0.5 1.0
1.0 1.0 1.0 0.67 0.67 1.0 0.67 0.67
14.6883928
1.0 0.5 1.0 1.0 0.5 0.5 1.0 0.5 1.0 1.0 0.5 1.0 0.75 1.0 0.5 0.5 0.5 0.75 1.0 1.0 0.5 0.5 1.0
1.0 1.0 0.67 1.0 1.0 1.0 0.67 0.67
14.694076
0.75 0.75 1.0 1.0 0.5 0.75 1.0 0.75 1.0 0.75 0.5 0.75 0.75 0.75 1.0 1.0 1.0 1.0 0.5 0.75 0.75 0.75 1.0
1.0 1.0 1.0 0.67 1.0 0.67 1.0 1.0
14.7504472
1.0 1.0 0.75 1.0 1.0 1.0 0.5 0.75 1.0 0.75 0.75 0.75 0.5 0.75 1.0 0.5 1.0 1.0 0.5 0.75 0.5 1.0 1.0
1.0 0.67 0.67 0.67 0.67 0.67 1.0 1.0
14.7726168
1.0 1.0 0.75 0.5 0.5 0.75 1.0 0.5 1.0 1.0 0.75 0.75 0.75 1.0 1.0 1.0 0.5 0.75 0.5 0.75 1.0 1.0 1.0
1.0 1.0 1.0 1.0 1.0 1.0 1.0 0.67
14.7801432
1.0 0.5 0.75 1.0 0.75 0.5 1.0 0.5 0.75 1.0 0.5 0.75 0.5 0.75 0.5 0.75 1.0 1.0 0.5 0.75 1.0 1.0 1.0
1.0 1.0 1.0 1.0 1.0 1.0 1.0 1.0
14.8055896
0.75 0.5 1.0 0.5 0.75 1.0 0.5 0.75 0.5 0.5 0.75 0.5 1.0 1.0 0.75 1.0 0.75 1.0 1.0 1.0 0.5 0.5 1.0
1.0 1.0 0.67 1.0 1.0 1.0 0.67 0.67
14.8195672
1.0 1.0 0.75 0.5 0.75 1.0 0.75 1.0 0.5 0.75 0.75 1.0 1.0 1.0 0.5 0.75 0.75 0.75 0.75 1.0 0.5 0.5 1.0
1.0 0.67 0.67 0.67 0.67 0.67 1.0 1.0
14.8662104
0.75 0.5 1.0 0.5 0.75 1.0 0.75 0.5 0.75 1.0 0.75 0.5 1.0 0.75 0.75 0.5 1.0 0.75 1.0 0.75 0.5 1.0 1.0
1.0 1.0 1.0 1.0 1.0 1.0 1.0 1.0
14.8805464
1.0 1.0 0.75 0.75 1.0 1.0 0.75 0.75 0.5 1.0 1.0 0.5 1.0 1.0 1.0 0.75 1.0 0.5 1.0 1.0 1.0 0.75 1.0
0.67 0.67 0.67 0.67 0.67 0.67 0.67 1.0
14.8853592
1.0 1.0 1.0 0.75 0.75 1.0 1.0 0.75 0.5 1.0 1.0 0.75 0.75 1.0 1.0 0.5 0.75 1.0 1.0 1.0 0.5 0.5 1.0
1.0 0.67 0.67 0.67 1.0 0.67 0.67 1.0
14.8925784
0.5 0.75 0.75 0.75 1.0 1.0 0.75 0.75 1.0 1.0 1.0 1.0 0.75 1.0 0.75 0.75 0.75 1.0 0.75 1.0 1.0 0.75 1.0
0.67 1.0 1.0 0.67 1.0 1.0 0.67 0.67
14.8954968
1.0 0.75 1.0 0.75 0.5 1.0 1.0 0.5 0.5 0.75 0.75 0.5 0.75 0.5 0.5 1.0 0.75 0.5 0.5 0.5 0.75 1.0 1.0
1.0 1.0 0.67 1.0 1.0 1.0 0.67 0.67
14.9048152
0.75 1.0 0.5 1.0 1.0 0.5 0.5 1.0 0.75 0.5 0.75 0.75 0.5 0.75 0.75 1.0 0.5 1.0 0.75 0.5 0.5 0.75 1.0
1.0 1.0 1.0 1.0 0.67 0.67 0.67 1.0
14.9118808
0.75 1.0 0.5 1.0 1.0 0.5 0.5 1.0 0.75 0.5 0.75 0.75 0.5 0.75 0.75 1.0 0.5 1.0 0.75 0.5 0.5 0.75 1.0
1.0 1.0 0.67 1.0 1.0 1.0 0.67 0.67
14.9130072
0.75 0.75 0.5 1.0 1.0 1.0 0.5 1.0 0.75 0.75 0.5 0.5 1.0 0.75 0.75 1.0 0.75 0.5 1.0 0.75 0.5 0.75 1.0
0.67 0.67 0.67 0.67 0.67 0.67 1.0 1.0
14.9146968
0.75 0.75 0.5 1.0 1.0 1.0 0.5 1.0 0.75 0.75 0.5 0.5 1.0 0.75 0.75 1.0 0.75 0.5 1.0 0.75 0.5 0.75 1.0
0.67 0.67 0.67 0.67 0.67 0.67 1.0 1.0
14.9146968
0.75 0.5 1.0 0.5 0.75 0.75 0.5 0.75 0.75 1.0 1.0 0.75 0.5 0.5 0.75 0.75 0.75 0.75 1.0 1.0 0.5 0.5 1.0
1.0 1.0 1.0 1.0 1.0 1.0 1.0 0.67
14.9150552
1.0 1.0 1.0 1.0 0.75 0.75 0.5 0.5 1.0 0.5 0.5 0.75 0.75 0.75 1.0 1.0 1.0 1.0 0.5 1.0 0.5 0.75 1.0
1.0 0.67 0.67 0.67 0.67 0.67 1.0 1.0
14.9852504
1.0 0.5 0.75 1.0 1.0 1.0 1.0 0.5 0.5 1.0 0.75 0.5 1.0 1.0 1.0 0.75 0.5 0.75 1.0 0.5 1.0 0.75 1.0
0.67 0.67 1.0 1.0 0.67 1.0 1.0 0.67
15.014844
0.75 0.75 1.0 1.0 0.5 0.75 1.0 0.75 1.0 0.75 0.5 0.75 0.75 0.75 1.0 1.0 1.0 1.0 0.5 0.75 0.75 0.75 1.0
1.0 1.0 1.0 1.0 1.0 0.67 1.0 1.0
15.0456664
1.0 0.75 1.0 0.5 1.0 0.75 0.5 1.0 0.75 0.5 0.75 0.5 1.0 0.75 1.0 0.75 0.75 0.5 1.0 0.5 0.5 0.5 1.0
0.67 0.67 1.0 0.67 0.67 1.0 0.67 0.67
15.0582616
1.0 0.75 1.0 0.5 1.0 0.75 0.5 1.0 0.75 0.5 0.75 0.5 1.0 0.75 1.0 0.75 0.75 0.5 1.0 0.5 0.5 0.5 1.0
0.67 0.67 1.0 0.67 0.67 1.0 0.67 0.67
15.0582616
0.75 0.5 0.75 1.0 1.0 0.75 1.0 0.5 1.0 1.0 0.5 0.5 0.75 1.0 1.0 1.0 1.0 1.0 0.5 1.0 1.0 1.0 1.0
1.0 1.0 1.0 1.0 1.0 1.0 0.67 0.67
15.0907736
0.75 0.75 0.75 0.75 1.0 0.75 1.0 0.75 1.0 1.0 1.0 0.75 1.0 1.0 0.75 1.0 0.75 1.0 0.5 1.0 1.0 1.0 1.0
0.67 0.67 0.67 1.0 0.67 0.67 1.0 1.0
15.099836
1.0 1.0 1.0 1.0 0.75 0.75 0.5 0.5 1.0 0.5 0.5 0.75 0.75 0.75 1.0 1.0 1.0 1.0 0.5 1.0 0.5 0.75 1.0
0.67 0.67 1.0 1.0 0.67 1.0 1.0 0.67
15.115196
1.0 1.0 1.0 0.75 0.75 1.0 1.0 0.75 0.5 1.0 1.0 0.75 0.75 1.0 1.0 0.5 0.75 1.0 1.0 1.0 0.5 0.5 1.0
1.0 0.67 0.67 0.67 0.67 0.67 1.0 1.0
15.1221592
0.5 0.75 1.0 1.0 1.0 1.0 0.75 0.75 0.75 0.5 0.5 0.75 1.0 1.0 1.0 0.75 1.0 1.0 1.0 1.0 0.75 1.0 1.0
0.67 0.67 0.67 0.67 0.67 0.67 0.67 0.67
15.2247128
1.0 1.0 1.0 1.0 0.75 0.5 1.0 0.5 0.5 0.5 1.0 1.0 0.5 1.0 0.75 1.0 1.0 1.0 0.75 1.0 0.5 0.75 1.0
0.67 0.67 0.67 0.67 0.67 0.67 0.67 0.67
15.2781144
0.5 0.5 1.0 0.75 0.75 0.75 0.5 1.0 1.0 0.75 0.5 0.75 1.0 1.0 0.75 0.75 0.75 0.75 1.0 0.5 1.0 0.5 1.0
1.0 1.0 1.0 1.0 1.0 1.0 1.0 0.67
15.2784728
0.5 0.5 1.0 0.75 0.75 0.75 0.5 1.0 1.0 0.75 0.5 0.75 1.0 1.0 0.75 0.75 0.75 0.75 1.0 0.5 1.0 0.5 1.0
1.0 1.0 1.0 1.0 1.0 1.0 1.0 0.67
15.2784728
0.5 0.5 1.0 0.75 1.0 0.75 0.75 1.0 0.75 0.75 1.0 0.5 0.5 0.75 1.0 1.0 0.5 0.5 0.5 0.75 0.5 1.0 1.0
0.67 0.67 1.0 1.0 0.67 1.0 1.0 0.67
15.2886104
0.75 1.0 0.75 1.0 1.0 0.75 0.75 1.0 0.5 0.5 0.75 0.5 0.75 1.0 0.5 0.75 1.0 0.5 0.5 0.75 1.0 1.0 1.0
1.0 1.0 1.0 0.67 1.0 0.67 1.0 1.0
15.2894808
0.75 1.0 0.75 1.0 1.0 0.75 0.75 1.0 0.5 0.5 0.75 0.5 0.75 1.0 0.5 0.75 1.0 0.5 0.5 0.75 1.0 1.0 1.0
1.0 1.0 1.0 0.67 1.0 0.67 1.0 1.0
15.2894808
0.5 0.5 1.0 0.75 1.0 0.75 0.75 1.0 0.75 0.75 1.0 0.5 0.5 0.75 1.0 1.0 0.5 0.5 0.5 0.75 0.5 1.0 1.0
0.67 1.0 1.0 0.67 1.0 1.0 0.67 0.67
15.2898392
1.0 1.0 0.75 1.0 0.5 0.75 0.75 0.5 1.0 0.5 1.0 1.0 0.5 0.75 0.5 0.5 1.0 1.0 1.0 0.5 0.5 0.75 1.0
1.0 1.0 1.0 1.0 1.0 1.0 1.0 1.0
15.3234776
1.0 0.5 1.0 1.0 0.5 0.5 1.0 0.5 1.0 1.0 0.5 1.0 0.75 1.0 0.5 0.5 0.5 0.75 1.0 1.0 0.5 0.5 1.0
1.0 1.0 1.0 1.0 1.0 1.0 1.0 0.67
15.3506648
1.0 0.75 1.0 1.0 0.5 0.5 1.0 1.0 0.5 1.0 0.75 1.0 1.0 1.0 1.0 1.0 0.5 0.75 0.5 0.75 0.75 0.75 1.0
0.67 0.67 1.0 0.67 0.67 1.0 0.67 0.67
15.3510744
1.0 1.0 0.5 0.75 1.0 0.5 1.0 1.0 0.5 1.0 1.0 1.0 0.5 0.75 0.75 0.5 0.75 1.0 0.75 0.5 0.75 0.75 1.0
1.0 1.0 0.67 1.0 1.0 1.0 0.67 0.67
15.3610584
0.75 0.5 0.75 0.75 0.75 1.0 0.5 0.75 1.0 0.75 0.5 0.5 1.0 0.5 0.5 0.75 0.75 0.5 1.0 0.75 0.5 1.0 1.0
1.0 1.0 1.0 1.0 1.0 1.0 1.0 1.0
15.4048344
0.75 0.5 0.75 0.75 0.75 1.0 0.5 0.75 1.0 0.75 0.5 0.5 1.0 0.5 0.5 0.75 0.75 0.5 1.0 0.75 0.5 1.0 1.0
1.0 1.0 1.0 1.0 1.0 1.0 1.0 1.0
15.4048344
1.0 0.5 0.75 0.5 1.0 0.5 0.5 0.75 0.5 1.0 0.75 1.0 0.5 0.75 0.75 0.5 1.0 0.75 1.0 1.0 1.0 1.0 1.0
0.67 0.67 0.67 1.0 0.67 0.67 1.0 1.0
15.4099032
1.0 1.0 0.5 0.75 1.0 0.5 1.0 1.0 0.5 1.0 1.0 1.0 0.5 0.75 0.75 0.5 0.75 1.0 0.75 0.5 0.75 0.75 1.0
1.0 1.0 1.0 0.67 0.67 1.0 1.0 1.0
15.4271064
1.0 0.5 1.0 0.75 0.75 1.0 1.0 1.0 1.0 1.0 0.75 1.0 0.75 1.0 0.5 0.75 0.75 0.5 0.75 0.75 0.5 0.75 1.0
0.67 0.67 0.67 0.67 0.67 0.67 0.67 1.0
15.4311512
1.0 1.0 1.0 0.75 1.0 0.5 0.5 0.5 0.5 0.75 0.75 1.0 0.5 0.75 0.5 1.0 0.75 0.5 0.75 0.75 1.0 0.75 1.0
0.67 0.67 0.67 0.67 0.67 0.67 0.67 1.0
15.4422104
0.5 1.0 1.0 1.0 1.0 1.0 0.5 1.0 1.0 1.0 1.0 0.75 1.0 1.0 1.0 0.5 1.0 1.0 1.0 1.0 1.0 0.75 1.0
1.0 0.67 0.67 0.67 0.67 0.67 1.0 1.0
15.47206
1.0 0.5 1.0 1.0 0.5 0.5 1.0 0.5 1.0 1.0 0.5 1.0 0.75 1.0 0.5 0.5 0.5 0.75 1.0 1.0 0.5 0.5 1.0
1.0 1.0 1.0 1.0 1.0 1.0 1.0 1.0
15.4819416
1.0 0.75 0.5 0.75 1.0 1.0 0.5 1.0 0.5 0.75 0.75 0.75 1.0 1.0 1.0 0.75 0.5 0.75 1.0 1.0 0.75 1.0 1.0
0.67 0.67 0.67 0.67 0.67 0.67 0.67 1.0
15.5135832
1.0 0.75 0.5 0.75 1.0 1.0 0.5 1.0 0.5 0.75 0.75 0.75 1.0 1.0 1.0 0.75 0.5 0.75 1.0 1.0 0.75 1.0 1.0
0.67 0.67 0.67 0.67 0.67 0.67 0.67 1.0
15.5135832
1.0 0.5 0.75 0.5 1.0 0.5 0.5 0.75 0.5 1.0 0.75 1.0 0.5 0.75 0.75 0.5 1.0 0.75 1.0 1.0 1.0 1.0 1.0
1.0 1.0 1.0 0.67 0.67 1.0 0.67 0.67
15.5455832
0.75 0.75 0.75 1.0 0.75 0.75 1.0 1.0 1.0 1.0 1.0 0.5 0.5 0.75 1.0 1.0 0.5 0.5 1.0 0.75 1.0 0.5 1.0
1.0 1.0 1.0 1.0 1.0 1.0 0.67 0.67
15.5470168
0.75 0.75 0.75 1.0 0.75 0.75 1.0 1.0 1.0 1.0 1.0 0.5 0.5 0.75 1.0 1.0 0.5 0.5 1.0 0.75 1.0 0.5 1.0
1.0 1.0 1.0 0.67 0.67 1.0 1.0 1.0
15.5472216
1.0 1.0 0.5 1.0 0.75 1.0 1.0 1.0 1.0 0.75 1.0 1.0 1.0 1.0 1.0 0.5 1.0 0.75 0.5 1.0 0.5 0.75 1.0
1.0 1.0 1.0 1.0 1.0 1.0 1.0 0.67
15.5710808
1.0 0.5 1.0 0.5 0.75 1.0 1.0 0.5 0.5 0.5 0.5 1.0 0.5 0.5 1.0 1.0 0.75 0.5 0.5 1.0 0.75 1.0 1.0
0.67 0.67 0.67 0.67 0.67 1.0 1.0 1.0
15.626428
1.0 0.75 1.0 1.0 0.5 0.5 1.0 1.0 0.5 1.0 0.75 1.0 1.0 1.0 1.0 1.0 0.5 0.75 0.5 0.75 0.75 0.75 1.0
0.67 0.67 0.67 0.67 0.67 1.0 1.0 1.0
15.6462936
1.0 0.75 0.75 0.75 0.5 0.75 1.0 0.5 1.0 0.5 0.5 1.0 0.75 0.5 1.0 0.75 1.0 0.75 1.0 1.0 0.5 0.75 1.0
1.0 1.0 1.0 0.67 0.67 1.0 1.0 1.0
15.6485976
1.0 1.0 0.75 0.75 1.0 1.0 0.75 0.75 0.5 1.0 1.0 0.5 1.0 1.0 1.0 0.75 1.0 0.5 1.0 1.0 1.0 0.75 1.0
0.67 0.67 0.67 0.67 0.67 1.0 1.0 1.0
15.7066072
0.75 0.5 0.75 1.0 1.0 0.75 1.0 0.5 1.0 1.0 0.5 0.5 0.75 1.0 1.0 1.0 1.0 1.0 0.5 1.0 1.0 1.0 1.0
1.0 1.0 1.0 1.0 1.0 1.0 1.0 1.0
15.7469528
1.0 1.0 0.75 1.0 1.0 1.0 0.5 0.75 1.0 0.75 0.75 0.75 0.5 0.75 1.0 0.5 1.0 1.0 0.5 0.75 0.5 1.0 1.0
1.0 1.0 1.0 1.0 1.0 1.0 1.0 0.67
15.791804
0.75 1.0 1.0 0.75 1.0 0.5 0.5 1.0 0.5 0.5 0.75 1.0 0.5 1.0 0.5 0.5 0.75 1.0 0.75 1.0 1.0 0.75 1.0
0.67 0.67 1.0 1.0 1.0 0.67 1.0 0.67
15.7928792
1.0 1.0 1.0 1.0 0.5 0.5 0.75 0.5 1.0 1.0 1.0 1.0 0.5 1.0 1.0 1.0 1.0 1.0 0.5 1.0 1.0 1.0 1.0
1.0 0.67 0.67 0.67 0.67 0.67 1.0 1.0
15.8082904
0.75 1.0 0.75 1.0 1.0 0.75 0.75 1.0 0.5 0.5 0.75 0.5 0.75 1.0 0.5 0.75 1.0 0.5 0.5 0.75 1.0 1.0 1.0
1.0 1.0 1.0 1.0 1.0 0.67 1.0 1.0
15.8141784
1.0 0.5 1.0 1.0 0.5 0.75 0.5 1.0 0.5 0.75 0.75 0.75 0.75 0.75 0.5 1.0 0.75 0.5 0.75 1.0 0.5 0.5 1.0
1.0 1.0 1.0 0.67 0.67 1.0 1.0 1.0
15.8436184
1.0 1.0 0.75 0.75 1.0 1.0 0.75 0.75 0.5 1.0 1.0 0.5 1.0 1.0 1.0 0.75 1.0 0.5 1.0 1.0 1.0 0.75 1.0
1.0 0.67 0.67 0.67 0.67 0.67 1.0 1.0
15.9380312
1.0 0.5 0.75 1.0 1.0 1.0 1.0 0.5 0.5 1.0 0.75 0.5 1.0 1.0 1.0 0.75 0.5 0.75 1.0 0.5 1.0 0.75 1.0
1.0 1.0 1.0 1.0 1.0 1.0 1.0 0.67
15.9700312
1.0 0.75 0.75 1.0 0.5 0.5 0.75 0.75 0.75 1.0 0.5 0.75 1.0 0.75 0.75 0.75 0.75 0.5 1.0 0.75 1.0 1.0 1.0
1.0 1.0 1.0 1.0 1.0 1.0 1.0 0.67
15.9764824
1.0 1.0 0.75 0.5 0.75 1.0 0.75 1.0 0.5 0.75 0.75 1.0 1.0 1.0 0.5 0.75 0.75 0.75 0.75 1.0 0.5 0.5 1.0
1.0 1.0 1.0 0.67 1.0 0.67 1.0 1.0
15.9829848
1.0 1.0 1.0 1.0 0.75 0.5 1.0 0.5 0.5 0.5 1.0 1.0 0.5 1.0 0.75 1.0 1.0 1.0 0.75 1.0 0.5 0.75 1.0
0.67 0.67 0.67 1.0 0.67 0.67 1.0 1.0
16.0001368
1.0 1.0 1.0 0.75 0.75 1.0 1.0 0.75 0.5 1.0 1.0 0.75 0.75 1.0 1.0 0.5 0.75 1.0 1.0 1.0 0.5 0.5 1.0
1.0 1.0 1.0 1.0 1.0 1.0 0.67 0.67
16.0098648
0.75 1.0 0.5 1.0 1.0 0.5 0.5 1.0 0.75 0.5 0.75 0.75 0.5 0.75 0.75 1.0 0.5 1.0 0.75 0.5 0.5 0.75 1.0
1.0 1.0 1.0 1.0 1.0 1.0 1.0 1.0
16.02886
0.75 0.75 1.0 1.0 0.5 0.5 0.5 0.75 0.75 0.75 0.5 0.75 0.75 0.75 0.5 1.0 1.0 0.75 0.75 0.75 0.5 1.0 1.0
1.0 1.0 1.0 1.0 1.0 1.0 1.0 0.67
16.0338264
0.75 0.75 1.0 1.0 0.5 0.5 0.5 0.75 0.75 0.75 0.5 0.75 0.75 0.75 0.5 1.0 1.0 0.75 0.75 0.75 0.5 1.0 1.0
1.0 1.0 1.0 1.0 1.0 1.0 1.0 0.67
16.0338264
1.0 1.0 1.0 1.0 0.75 0.75 0.5 0.5 1.0 0.5 0.5 0.75 0.75 0.75 1.0 1.0 1.0 1.0 0.5 1.0 0.5 0.75 1.0
1.0 1.0 0.67 1.0 1.0 1.0 0.67 0.67
16.0372056
1.0 1.0 1.0 0.75 0.75 1.0 1.0 0.75 0.5 1.0 1.0 0.75 0.75 1.0 1.0 0.5 0.75 1.0 1.0 1.0 0.5 0.5 1.0
1.0 1.0 1.0 0.67 0.67 1.0 1.0 1.0
16.0755032
0.5 0.5 1.0 0.75 1.0 0.75 0.75 1.0 0.75 0.75 1.0 0.5 0.5 0.75 1.0 1.0 0.5 0.5 0.5 0.75 0.5 1.0 1.0
1.0 1.0 1.0 1.0 1.0 1.0 1.0 0.67
16.0787288
1.0 1.0 0.75 0.5 0.75 1.0 0.75 1.0 0.5 0.75 0.75 1.0 1.0 1.0 0.5 0.75 0.75 0.75 0.75 1.0 0.5 0.5 1.0
1.0 1.0 0.67 1.0 1.0 1.0 0.67 0.67
16.0814936
1.0 1.0 1.0 1.0 0.75 0.75 0.5 0.5 1.0 0.5 0.5 0.75 0.75 0.75 1.0 1.0 1.0 1.0 0.5 1.0 0.5 0.75 1.0
1.0 1.0 1.0 0.67 1.0 0.67 1.0 1.0
16.1022296
1.0 1.0 0.75 0.75 1.0 1.0 0.75 0.75 0.5 1.0 1.0 0.5 1.0 1.0 1.0 0.75 1.0 0.5 1.0 1.0 1.0 0.75 1.0
0.67 0.67 0.67 1.0 1.0 1.0 1.0 1.0
16.133308
1.0 1.0 1.0 1.0 0.5 0.5 0.75 0.5 1.0 1.0 1.0 1.0 0.5 1.0 1.0 1.0 1.0 1.0 0.5 1.0 1.0 1.0 1.0
1.0 0.67 0.67 0.67 1.0 0.67 0.67 1.0
16.201916
1.0 0.75 0.75 1.0 0.5 0.5 0.75 0.75 0.75 1.0 0.5 0.75 1.0 0.75 0.75 0.75 0.75 0.5 1.0 0.75 1.0 1.0 1.0
1.0 1.0 1.0 1.0 1.0 0.67 1.0 1.0
16.2050392
0.75 0.75 0.75 0.75 1.0 0.75 1.0 0.75 1.0 1.0 1.0 0.75 1.0 1.0 0.75 1.0 0.75 1.0 0.5 1.0 1.0 1.0 1.0
1.0 1.0 1.0 0.67 1.0 0.67 1.0 1.0
16.2187608
1.0 1.0 1.0 0.75 1.0 0.5 0.5 0.5 0.5 0.75 0.75 1.0 0.5 0.75 0.5 1.0 0.75 0.5 0.75 0.75 1.0 0.75 1.0
1.0 0.67 0.67 0.67 0.67 0.67 1.0 1.0
16.2653016
1.0 0.5 1.0 0.5 0.75 1.0 1.0 0.5 0.5 0.5 0.5 1.0 0.5 0.5 1.0 1.0 0.75 0.5 0.5 1.0 0.75 1.0 1.0
0.67 1.0 1.0 0.67 1.0 1.0 0.67 0.67
16.3168088
0.5 0.75 1.0 1.0 1.0 1.0 0.75 0.75 0.75 0.5 0.5 0.75 1.0 1.0 1.0 0.75 1.0 1.0 1.0 1.0 0.75 1.0 1.0
0.67 0.67 0.67 1.0 1.0 0.67 0.67 1.0
16.340156
0.5 0.75 1.0 1.0 1.0 1.0 0.75 0.75 0.75 0.5 0.5 0.75 1.0 1.0 1.0 0.75 1.0 1.0 1.0 1.0 0.75 1.0 1.0
0.67 0.67 0.67 1.0 1.0 0.67 0.67 1.0
16.340156
1.0 1.0 0.5 0.75 0.5 0.5 0.75 1.0 0.75 1.0 0.75 1.0 1.0 0.75 0.5 1.0 1.0 0.5 1.0 0.75 1.0 1.0 1.0
0.67 0.67 0.67 0.67 1.0 0.67 1.0 0.67
16.3417944
1.0 0.5 1.0 0.75 1.0 1.0 1.0 0.75 0.5 0.5 1.0 1.0 1.0 0.75 0.75 0.5 0.5 0.75 1.0 0.5 1.0 0.5 1.0
0.67 1.0 1.0 0.67 1.0 1.0 0.67 0.67
16.3615064
1.0 0.75 0.5 1.0 1.0 0.5 1.0 1.0 0.75 0.75 0.5 0.5 0.5 0.75 0.5 1.0 1.0 1.0 1.0 0.5 0.75 0.75 1.0
0.67 0.67 1.0 1.0 1.0 0.67 1.0 0.67
16.3781464
1.0 1.0 0.5 0.75 1.0 1.0 0.5 1.0 1.0 0.75 0.75 0.75 0.5 0.75 1.0 0.5 1.0 0.75 0.75 1.0 0.5 1.0 1.0
1.0 1.0 1.0 1.0 1.0 1.0 1.0 0.67
16.4560728
1.0 1.0 1.0 1.0 0.5 0.5 0.75 0.5 1.0 1.0 1.0 1.0 0.5 1.0 1.0 1.0 1.0 1.0 0.5 1.0 1.0 1.0 1.0
1.0 1.0 1.0 1.0 1.0 0.67 0.67 0.67
16.4659032
1.0 1.0 1.0 0.5 0.5 1.0 0.5 1.0 1.0 0.75 1.0 1.0 1.0 0.5 0.5 1.0 0.5 1.0 0.75 1.0 1.0 1.0 1.0
0.67 0.67 1.0 0.67 0.67 1.0 0.67 0.67
16.4791128
1.0 0.75 0.5 1.0 1.0 0.5 1.0 1.0 0.75 0.75 0.5 0.5 0.5 0.75 0.5 1.0 1.0 1.0 1.0 0.5 0.75 0.75 1.0
1.0 1.0 1.0 1.0 1.0 0.67 0.67 0.67
16.5124952
0.75 0.75 0.75 0.75 1.0 0.75 1.0 0.75 1.0 1.0 1.0 0.75 1.0 1.0 0.75 1.0 0.75 1.0 0.5 1.0 1.0 1.0 1.0
1.0 1.0 1.0 1.0 1.0 0.67 1.0 1.0
16.51398
0.75 0.75 0.75 0.75 1.0 0.75 1.0 0.75 1.0 1.0 1.0 0.75 1.0 1.0 0.75 1.0 0.75 1.0 0.5 1.0 1.0 1.0 1.0
1.0 1.0 1.0 1.0 1.0 1.0 1.0 0.67
16.5152088
1.0 0.5 1.0 1.0 0.5 0.75 0.5 1.0 0.5 0.75 0.75 0.75 0.75 0.75 0.5 1.0 0.75 0.5 0.75 1.0 0.5 0.5 1.0
1.0 1.0 1.0 1.0 1.0 1.0 1.0 0.67
16.5325656
0.5 0.5 1.0 0.75 1.0 0.75 0.75 1.0 0.75 0.75 1.0 0.5 0.5 0.75 1.0 1.0 0.5 0.5 0.5 0.75 0.5 1.0 1.0
1.0 1.0 1.0 1.0 1.0 1.0 1.0 1.0
16.6034264
1.0 0.75 1.0 0.5 1.0 0.75 0.5 1.0 0.75 0.5 0.75 0.5 1.0 0.75 1.0 0.75 0.75 0.5 1.0 0.5 0.5 0.5 1.0
1.0 1.0 1.0 0.67 1.0 0.67 1.0 1.0
16.6034776
0.5 1.0 1.0 1.0 1.0 1.0 0.5 1.0 1.0 1.0 1.0 0.75 1.0 1.0 1.0 0.5 1.0 1.0 1.0 1.0 1.0 0.75 1.0
1.0 1.0 1.0 0.67 0.67 1.0 1.0 1.0
16.6549848
1.0 0.75 1.0 1.0 0.5 0.5 1.0 1.0 0.5 1.0 0.75 1.0 1.0 1.0 1.0 1.0 0.5 0.75 0.5 0.75 0.75 0.75 1.0
0.67 0.67 0.67 1.0 1.0 1.0 1.0 1.0
16.6960984
0.75 0.75 0.5 1.0 1.0 1.0 0.5 1.0 0.75 0.75 0.5 0.5 1.0 0.75 0.75 1.0 0.75 0.5 1.0 0.75 0.5 0.75 1.0
1.0 1.0 1.0 1.0 1.0 1.0 1.0 0.67
16.7559512
1.0 0.5 1.0 0.75 0.75 1.0 1.0 1.0 1.0 1.0 0.75 1.0 0.75 1.0 0.5 0.75 0.75 0.5 0.75 0.75 0.5 0.75 1.0
0.67 1.0 1.0 0.67 1.0 1.0 0.67 0.67
16.7786328
1.0 0.5 1.0 0.75 0.75 1.0 1.0 1.0 1.0 1.0 0.75 1.0 0.75 1.0 0.5 0.75 0.75 0.5 0.75 0.75 0.5 0.75 1.0
1.0 1.0 1.0 0.67 0.67 1.0 0.67 0.67
16.7810904
1.0 1.0 0.5 0.75 0.5 0.5 0.75 1.0 0.75 1.0 0.75 1.0 1.0 0.75 0.5 1.0 1.0 0.5 1.0 0.75 1.0 1.0 1.0
1.0 0.67 0.67 0.67 0.67 0.67 1.0 1.0
16.8689496
1.0 0.5 0.75 0.5 1.0 0.5 0.5 0.75 0.5 1.0 0.75 1.0 0.5 0.75 0.75 0.5 1.0 0.75 1.0 1.0 1.0 1.0 1.0
1.0 1.0 1.0 1.0 1.0 1.0 1.0 0.67
16.8910168
1.0 0.5 0.75 0.5 1.0 0.5 0.5 0.75 0.5 1.0 0.75 1.0 0.5 0.75 0.75 0.5 1.0 0.75 1.0 1.0 1.0 1.0 1.0
1.0 1.0 1.0 0.67 1.0 0.67 1.0 1.0
16.988604
1.0 1.0 1.0 0.5 1.0 0.75 0.5 0.5 1.0 1.0 1.0 1.0 1.0 1.0 0.75 1.0 0.75 1.0 1.0 1.0 1.0 1.0 1.0
0.67 0.67 0.67 0.67 0.67 0.67 0.67 0.67
17.0259288
0.75 1.0 1.0 0.75 1.0 0.5 0.5 1.0 0.5 0.5 0.75 1.0 0.5 1.0 0.5 0.5 0.75 1.0 0.75 1.0 1.0 0.75 1.0
1.0 1.0 1.0 1.0 1.0 1.0 1.0 1.0
17.0432856
1.0 0.5 1.0 0.75 1.0 1.0 1.0 0.75 0.5 0.5 1.0 1.0 1.0 0.75 0.75 0.5 0.5 0.75 1.0 0.5 1.0 0.5 1.0
1.0 1.0 1.0 1.0 1.0 0.67 0.67 0.67
17.0523992
1.0 1.0 0.75 1.0 1.0 0.5 1.0 0.75 0.5 1.0 1.0 1.0 1.0 0.75 0.75 0.75 1.0 1.0 1.0 0.75 0.5 1.0 1.0
0.67 0.67 0.67 0.67 0.67 1.0 1.0 0.67
17.0555224
1.0 0.5 1.0 0.5 0.75 1.0 1.0 0.5 0.5 0.5 0.5 1.0 0.5 0.5 1.0 1.0 0.75 0.5 0.5 1.0 0.75 1.0 1.0
1.0 1.0 1.0 1.0 1.0 1.0 1.0 0.67
17.107132
1.0 1.0 1.0 1.0 0.5 0.5 0.75 0.5 1.0 1.0 1.0 1.0 0.5 1.0 1.0 1.0 1.0 1.0 0.5 1.0 1.0 1.0 1.0
1.0 1.0 1.0 1.0 1.0 1.0 1.0 0.67
17.1233112
1.0 1.0 1.0 0.5 0.5 1.0 0.5 1.0 1.0 0.75 1.0 1.0 1.0 0.5 0.5 1.0 0.5 1.0 0.75 1.0 1.0 1.0 1.0
0.67 0.67 0.67 1.0 0.67 0.67 1.0 1.0
17.1666264
0.5 1.0 1.0 1.0 1.0 1.0 0.5 1.0 1.0 1.0 1.0 0.75 1.0 1.0 1.0 0.5 1.0 1.0 1.0 1.0 1.0 0.75 1.0
1.0 1.0 1.0 1.0 1.0 1.0 1.0 0.67
17.1799896
1.0 0.5 1.0 0.75 1.0 1.0 1.0 0.75 0.5 0.5 1.0 1.0 1.0 0.75 0.75 0.5 0.5 0.75 1.0 0.5 1.0 0.5 1.0
1.0 1.0 1.0 1.0 1.0 1.0 0.67 1.0
17.3155672
1.0 0.75 0.5 1.0 1.0 0.5 1.0 1.0 0.75 0.75 0.5 0.5 0.5 0.75 0.5 1.0 1.0 1.0 1.0 0.5 0.75 0.75 1.0
1.0 1.0 1.0 1.0 1.0 1.0 0.67 1.0
17.3336408
1.0 1.0 1.0 0.75 1.0 0.5 0.5 0.5 0.5 0.75 0.75 1.0 0.5 0.75 0.5 1.0 0.75 0.5 0.75 0.75 1.0 0.75 1.0
1.0 1.0 0.67 1.0 1.0 1.0 0.67 0.67
17.3827928
1.0 0.5 1.0 0.75 1.0 1.0 1.0 0.75 0.5 0.5 1.0 1.0 1.0 0.75 0.75 0.5 0.5 0.75 1.0 0.5 1.0 0.5 1.0
1.0 1.0 1.0 0.67 1.0 0.67 1.0 1.0
17.413564
1.0 1.0 0.75 1.0 1.0 0.5 1.0 0.75 0.5 1.0 1.0 1.0 1.0 0.75 0.75 0.75 1.0 1.0 1.0 0.75 0.5 1.0 1.0
0.67 0.67 0.67 1.0 1.0 0.67 0.67 1.0
17.5792984
1.0 0.75 1.0 1.0 0.5 0.5 1.0 1.0 0.5 1.0 0.75 1.0 1.0 1.0 1.0 1.0 0.5 0.75 0.5 0.75 0.75 0.75 1.0
1.0 1.0 1.0 1.0 1.0 1.0 1.0 0.67
17.585852
1.0 0.5 1.0 0.5 0.75 1.0 1.0 0.5 0.5 0.5 0.5 1.0 0.5 0.5 1.0 1.0 0.75 0.5 0.5 1.0 0.75 1.0 1.0
1.0 1.0 1.0 1.0 1.0 1.0 1.0 1.0
17.6318296
1.0 0.75 1.0 1.0 0.75 0.75 1.0 1.0 1.0 0.5 1.0 1.0 0.5 1.0 0.75 1.0 0.75 0.5 1.0 0.75 1.0 1.0 1.0
0.67 0.67 0.67 0.67 0.67 0.67 0.67 0.67
17.652156
1.0 0.75 0.5 0.75 1.0 1.0 0.5 1.0 0.5 0.75 0.75 0.75 1.0 1.0 1.0 0.75 0.5 0.75 1.0 1.0 0.75 1.0 1.0
1.0 1.0 1.0 1.0 1.0 1.0 1.0 0.67
17.8149208
1.0 1.0 1.0 0.75 1.0 0.5 0.5 0.5 0.5 0.75 0.75 1.0 0.5 0.75 0.5 1.0 0.75 0.5 0.75 0.75 1.0 0.75 1.0
1.0 1.0 1.0 0.67 1.0 0.67 1.0 1.0
17.8414424
1.0 1.0 1.0 1.0 0.75 1.0 1.0 1.0 1.0 1.0 1.0 1.0 0.75 1.0 1.0 0.75 1.0 1.0 1.0 0.5 1.0 1.0 1.0
0.67 0.67 0.67 0.67 0.67 0.67 0.67 1.0
17.8844504
1.0 1.0 1.0 1.0 1.0 1.0 1.0 1.0 1.0 1.0 1.0 1.0 1.0 1.0 0.5 0.5 1.0 1.0 1.0 1.0 1.0 1.0 1.0
0.67 0.67 0.67 0.67 0.67 0.67 0.67 0.67
17.9165016
1.0 1.0 1.0 0.5 1.0 1.0 0.5 0.75 0.75 1.0 0.75 0.75 1.0 0.75 1.0 1.0 0.5 0.5 1.0 1.0 1.0 1.0 1.0
0.67 0.67 0.67 1.0 1.0 0.67 0.67 1.0
17.9180376
0.75 1.0 1.0 1.0 1.0 1.0 0.5 1.0 0.5 0.5 0.5 1.0 1.0 1.0 1.0 1.0 1.0 1.0 1.0 1.0 1.0 1.0 1.0
0.67 0.67 0.67 0.67 0.67 0.67 0.67 0.67
18.0099928
0.75 1.0 1.0 1.0 1.0 1.0 0.5 1.0 0.5 0.5 0.5 1.0 1.0 1.0 1.0 1.0 1.0 1.0 1.0 1.0 1.0 1.0 1.0
0.67 0.67 0.67 0.67 0.67 0.67 0.67 0.67
18.0099928
0.5 1.0 0.75 1.0 1.0 0.5 0.75 1.0 0.75 1.0 1.0 1.0 1.0 1.0 1.0 1.0 1.0 0.75 1.0 0.75 0.5 1.0 1.0
1.0 1.0 0.67 1.0 1.0 1.0 0.67 0.67
18.0561752
1.0 1.0 1.0 0.5 1.0 0.75 0.5 0.5 1.0 1.0 1.0 1.0 1.0 1.0 0.75 1.0 0.75 1.0 1.0 1.0 1.0 1.0 1.0
0.67 0.67 1.0 0.67 0.67 1.0 0.67 0.67
18.0769624
1.0 1.0 1.0 1.0 0.75 0.5 1.0 0.5 0.5 0.5 1.0 1.0 0.5 1.0 0.75 1.0 1.0 1.0 0.75 1.0 0.5 0.75 1.0
1.0 1.0 1.0 1.0 1.0 1.0 1.0 0.67
18.1049688
1.0 1.0 1.0 1.0 0.75 0.5 1.0 0.5 0.5 0.5 1.0 1.0 0.5 1.0 0.75 1.0 1.0 1.0 0.75 1.0 0.5 0.75 1.0
1.0 1.0 1.0 1.0 1.0 1.0 1.0 0.67
18.1049688
1.0 1.0 1.0 0.75 1.0 1.0 0.5 0.5 1.0 1.0 1.0 1.0 1.0 0.5 1.0 1.0 1.0 1.0 1.0 1.0 1.0 0.75 1.0
0.67 0.67 1.0 0.67 0.67 1.0 0.67 0.67
18.1065048
1.0 0.75 1.0 1.0 1.0 1.0 1.0 0.75 1.0 1.0 0.75 1.0 1.0 0.5 0.5 1.0 1.0 1.0 0.75 1.0 1.0 1.0 1.0
0.67 0.67 0.67 0.67 0.67 0.67 1.0 0.67
18.115004
1.0 0.5 1.0 0.75 0.75 1.0 1.0 1.0 1.0 1.0 0.75 1.0 0.75 1.0 0.5 0.75 0.75 0.5 0.75 0.75 0.5 0.75 1.0
1.0 1.0 1.0 1.0 1.0 1.0 1.0 0.67
18.1264216
1.0 1.0 1.0 1.0 1.0 1.0 1.0 0.5 1.0 0.75 1.0 1.0 1.0 1.0 1.0 1.0 0.5 0.75 1.0 1.0 1.0 1.0 1.0
0.67 0.67 0.67 0.67 0.67 0.67 0.67 0.67
18.1279576
1.0 1.0 1.0 1.0 0.75 1.0 1.0 1.0 1.0 1.0 1.0 1.0 0.75 1.0 1.0 0.75 1.0 1.0 1.0 0.5 1.0 1.0 1.0
0.67 0.67 0.67 0.67 0.67 1.0 1.0 0.67
18.1810008
1.0 1.0 0.5 0.75 0.5 0.5 0.75 1.0 0.75 1.0 0.75 1.0 1.0 0.75 0.5 1.0 1.0 0.5 1.0 0.75 1.0 1.0 1.0
1.0 1.0 1.0 1.0 1.0 1.0 1.0 0.67
18.183356
1.0 1.0 1.0 0.5 0.5 1.0 0.5 1.0 1.0 0.75 1.0 1.0 1.0 0.5 0.5 1.0 0.5 1.0 0.75 1.0 1.0 1.0 1.0
0.67 0.67 0.67 1.0 1.0 1.0 1.0 1.0
18.21766
1.0 0.75 0.5 0.75 1.0 1.0 0.5 1.0 0.5 0.75 0.75 0.75 1.0 1.0 1.0 0.75 0.5 0.75 1.0 1.0 0.75 1.0 1.0
1.0 1.0 1.0 1.0 1.0 1.0 1.0 1.0
18.3396184
1.0 0.75 1.0 1.0 1.0 1.0 1.0 0.75 1.0 1.0 0.75 1.0 1.0 0.5 0.5 1.0 1.0 1.0 0.75 1.0 1.0 1.0 1.0
0.67 0.67 0.67 0.67 0.67 0.67 0.67 1.0
18.3441752
0.5 0.75 1.0 1.0 1.0 1.0 0.75 0.75 0.75 0.5 0.5 0.75 1.0 1.0 1.0 0.75 1.0 1.0 1.0 1.0 0.75 1.0 1.0
1.0 1.0 1.0 1.0 1.0 1.0 1.0 1.0
18.345148
1.0 1.0 1.0 0.75 1.0 1.0 0.5 0.5 1.0 1.0 1.0 1.0 1.0 0.5 1.0 1.0 1.0 1.0 1.0 1.0 1.0 0.75 1.0
1.0 0.67 0.67 0.67 1.0 0.67 0.67 1.0
18.4033624
1.0 1.0 1.0 1.0 1.0 1.0 0.5 1.0 1.0 0.75 1.0 1.0 1.0 1.0 0.75 0.5 0.75 0.5 1.0 1.0 1.0 1.0 1.0
0.67 0.67 0.67 0.67 0.67 0.67 1.0 1.0
18.4085336
0.5 1.0 1.0 0.5 1.0 1.0 1.0 1.0 1.0 1.0 1.0 1.0 1.0 1.0 1.0 1.0 1.0 1.0 1.0 1.0 1.0 1.0 1.0
0.67 0.67 0.67 0.67 0.67 0.67 1.0 1.0
18.4633176
0.5 1.0 1.0 0.5 1.0 1.0 1.0 1.0 1.0 1.0 1.0 1.0 1.0 1.0 1.0 1.0 1.0 1.0 1.0 1.0 1.0 1.0 1.0
0.67 0.67 1.0 0.67 0.67 1.0 0.67 0.67
18.4645464
0.5 1.0 0.75 1.0 1.0 0.5 0.75 1.0 0.75 1.0 1.0 1.0 1.0 1.0 1.0 1.0 1.0 0.75 1.0 0.75 0.5 1.0 1.0
1.0 1.0 1.0 0.67 1.0 0.67 1.0 1.0
18.5804632
0.5 1.0 0.75 1.0 1.0 0.5 0.75 1.0 0.75 1.0 1.0 1.0 1.0 1.0 1.0 1.0 1.0 0.75 1.0 0.75 0.5 1.0 1.0
1.0 1.0 1.0 0.67 0.67 1.0 1.0 1.0
18.5812824
0.5 1.0 1.0 0.5 1.0 1.0 1.0 1.0 1.0 1.0 1.0 1.0 1.0 1.0 1.0 1.0 1.0 1.0 1.0 1.0 1.0 1.0 1.0
1.0 0.67 0.67 0.67 0.67 0.67 1.0 1.0
18.596028
1.0 1.0 1.0 0.5 1.0 0.75 0.5 0.5 1.0 1.0 1.0 1.0 1.0 1.0 0.75 1.0 0.75 1.0 1.0 1.0 1.0 1.0 1.0
1.0 0.67 0.67 0.67 0.67 0.67 1.0 1.0
18.6032984
1.0 0.75 1.0 1.0 0.75 0.75 1.0 1.0 1.0 0.5 1.0 1.0 0.5 1.0 0.75 1.0 0.75 0.5 1.0 0.75 1.0 1.0 1.0
0.67 0.67 0.67 0.67 0.67 0.67 1.0 1.0
18.7019608
1.0 1.0 0.5 0.75 0.5 0.5 0.75 1.0 0.75 1.0 0.75 1.0 1.0 0.75 0.5 1.0 1.0 0.5 1.0 0.75 1.0 1.0 1.0
1.0 1.0 1.0 1.0 1.0 1.0 1.0 1.0
18.7080536
1.0 1.0 1.0 0.75 1.0 1.0 0.5 0.5 1.0 1.0 1.0 1.0 1.0 0.5 1.0 1.0 1.0 1.0 1.0 1.0 1.0 0.75 1.0
0.67 0.67 1.0 1.0 1.0 0.67 1.0 0.67
18.7620696
1.0 1.0 1.0 1.0 1.0 1.0 0.5 1.0 1.0 0.75 1.0 0.5 1.0 1.0 0.5 1.0 1.0 1.0 1.0 1.0 1.0 1.0 1.0
0.67 0.67 1.0 0.67 0.67 1.0 0.67 0.67
18.8893016
1.0 1.0 1.0 1.0 1.0 1.0 0.5 1.0 1.0 0.75 1.0 1.0 1.0 1.0 0.75 0.5 0.75 0.5 1.0 1.0 1.0 1.0 1.0
1.0 0.67 0.67 0.67 1.0 0.67 0.67 1.0
18.9360984
1.0 1.0 1.0 1.0 1.0 1.0 1.0 1.0 1.0 1.0 1.0 1.0 1.0 1.0 0.5 0.5 1.0 1.0 1.0 1.0 1.0 1.0 1.0
0.67 0.67 0.67 0.67 0.67 0.67 1.0 1.0
18.9663064
1.0 1.0 1.0 1.0 1.0 0.5 1.0 1.0 0.5 1.0 0.5 1.0 1.0 1.0 0.5 0.75 1.0 1.0 1.0 1.0 1.0 1.0 1.0
0.67 0.67 0.67 0.67 0.67 0.67 1.0 1.0
18.9707096
1.0 1.0 1.0 0.5 1.0 1.0 0.5 0.75 0.75 1.0 0.75 0.75 1.0 0.75 1.0 1.0 0.5 0.5 1.0 1.0 1.0 1.0 1.0
1.0 1.0 0.67 1.0 1.0 1.0 0.67 0.67
18.9727576
1.0 1.0 1.0 1.0 0.75 1.0 1.0 1.0 1.0 1.0 1.0 1.0 0.75 1.0 1.0 0.75 1.0 1.0 1.0 0.5 1.0 1.0 1.0
1.0 1.0 1.0 0.67 0.67 1.0 0.67 0.67
19.0049112
0.75 1.0 1.0 1.0 1.0 1.0 0.5 1.0 0.5 0.5 0.5 1.0 1.0 1.0 1.0 1.0 1.0 1.0 1.0 1.0 1.0 1.0 1.0
0.67 0.67 0.67 0.67 0.67 0.67 1.0 1.0
19.0597976
0.5 1.0 0.75 1.0 1.0 0.5 0.75 1.0 0.75 1.0 1.0 1.0 1.0 1.0 1.0 1.0 1.0 0.75 1.0 0.75 0.5 1.0 1.0
1.0 1.0 1.0 1.0 1.0 1.0 1.0 0.67
19.1063896
1.0 1.0 1.0 0.5 0.5 1.0 0.5 1.0 1.0 0.75 1.0 1.0 1.0 0.5 0.5 1.0 0.5 1.0 0.75 1.0 1.0 1.0 1.0
1.0 1.0 1.0 1.0 1.0 1.0 0.67 1.0
19.1071064
1.0 1.0 0.75 1.0 1.0 0.5 1.0 0.75 0.5 1.0 1.0 1.0 1.0 0.75 0.75 0.75 1.0 1.0 1.0 0.75 0.5 1.0 1.0
1.0 1.0 1.0 0.67 1.0 0.67 1.0 1.0
19.1579992
1.0 1.0 1.0 1.0 0.75 1.0 0.5 1.0 1.0 1.0 1.0 1.0 1.0 1.0 1.0 1.0 1.0 1.0 1.0 1.0 1.0 1.0 1.0
0.67 0.67 0.67 0.67 0.67 0.67 1.0 1.0
19.2199512
1.0 1.0 1.0 1.0 0.75 1.0 0.5 1.0 1.0 1.0 1.0 1.0 1.0 1.0 1.0 1.0 1.0 1.0 1.0 1.0 1.0 1.0 1.0
0.67 0.67 0.67 0.67 0.67 0.67 1.0 1.0
19.2199512
1.0 1.0 1.0 1.0 0.75 1.0 0.5 1.0 1.0 1.0 1.0 1.0 1.0 1.0 1.0 1.0 1.0 1.0 1.0 1.0 1.0 1.0 1.0
0.67 0.67 0.67 0.67 1.0 0.67 1.0 0.67
19.2203608
1.0 1.0 1.0 1.0 0.75 1.0 0.5 1.0 1.0 1.0 1.0 1.0 1.0 1.0 1.0 1.0 1.0 1.0 1.0 1.0 1.0 1.0 1.0
0.67 0.67 0.67 0.67 1.0 0.67 1.0 0.67
19.2203608
1.0 1.0 1.0 1.0 1.0 1.0 1.0 0.5 1.0 0.75 1.0 1.0 1.0 1.0 1.0 1.0 0.5 0.75 1.0 1.0 1.0 1.0 1.0
0.67 0.67 0.67 1.0 0.67 0.67 1.0 1.0
19.3090392
1.0 1.0 1.0 1.0 1.0 1.0 1.0 1.0 1.0 1.0 1.0 1.0 0.75 1.0 1.0 1.0 1.0 1.0 1.0 1.0 1.0 1.0 1.0
0.67 0.67 0.67 0.67 0.67 0.67 0.67 0.67
19.4528088
1.0 1.0 0.75 1.0 1.0 0.5 1.0 0.75 0.5 1.0 1.0 1.0 1.0 0.75 0.75 0.75 1.0 1.0 1.0 0.75 0.5 1.0 1.0
1.0 1.0 1.0 1.0 1.0 0.67 1.0 1.0
19.4532184
1.0 1.0 1.0 1.0 1.0 1.0 1.0 1.0 1.0 1.0 1.0 0.5 1.0 1.0 1.0 1.0 1.0 0.75 1.0 1.0 1.0 1.0 1.0
1.0 0.67 0.67 0.67 1.0 0.67 0.67 1.0
19.4944856
1.0 1.0 1.0 1.0 1.0 1.0 1.0 1.0 1.0 1.0 1.0 1.0 1.0 1.0 0.5 1.0 1.0 1.0 1.0 1.0 1.0 1.0 1.0
0.67 0.67 0.67 0.67 0.67 0.67 0.67 0.67
19.5577688
1.0 1.0 1.0 1.0 1.0 1.0 1.0 1.0 1.0 1.0 1.0 1.0 1.0 1.0 1.0 1.0 1.0 1.0 1.0 1.0 1.0 1.0 1.0
0.67 0.67 0.67 0.67 0.67 0.67 0.67 0.67
19.5577688
1.0 1.0 1.0 1.0 1.0 1.0 1.0 0.5 1.0 0.75 1.0 1.0 1.0 1.0 1.0 1.0 0.5 0.75 1.0 1.0 1.0 1.0 1.0
1.0 0.67 0.67 0.67 1.0 0.67 0.67 1.0
19.7053272
1.0 1.0 1.0 1.0 1.0 0.5 1.0 1.0 0.5 1.0 0.5 1.0 1.0 1.0 0.5 0.75 1.0 1.0 1.0 1.0 1.0 1.0 1.0
1.0 1.0 1.0 0.67 0.67 1.0 0.67 0.67
19.795644
1.0 1.0 1.0 1.0 1.0 1.0 1.0 1.0 0.5 0.75 1.0 1.0 1.0 1.0 1.0 1.0 1.0 1.0 1.0 1.0 1.0 1.0 1.0
0.67 0.67 0.67 0.67 0.67 0.67 0.67 1.0
19.8726488
1.0 1.0 1.0 1.0 1.0 1.0 0.5 1.0 1.0 0.75 1.0 0.5 1.0 1.0 0.5 1.0 1.0 1.0 1.0 1.0 1.0 1.0 1.0
1.0 1.0 1.0 0.67 0.67 1.0 0.67 0.67
19.9427928
1.0 0.75 1.0 1.0 1.0 1.0 1.0 0.75 1.0 1.0 0.75 1.0 1.0 0.5 0.5 1.0 1.0 1.0 0.75 1.0 1.0 1.0 1.0
0.67 0.67 0.67 1.0 1.0 1.0 1.0 1.0
19.9859544
1.0 1.0 1.0 1.0 1.0 1.0 1.0 1.0 1.0 1.0 1.0 0.5 1.0 1.0 1.0 1.0 1.0 0.75 1.0 1.0 1.0 1.0 1.0
0.67 0.67 1.0 1.0 1.0 0.67 1.0 0.67
20.0171352
1.0 1.0 1.0 0.5 1.0 1.0 0.5 0.75 0.75 1.0 0.75 0.75 1.0 0.75 1.0 1.0 0.5 0.5 1.0 1.0 1.0 1.0 1.0
1.0 1.0 1.0 1.0 1.0 1.0 1.0 0.67
20.022972
1.0 1.0 1.0 0.5 1.0 1.0 0.5 0.75 0.75 1.0 0.75 0.75 1.0 0.75 1.0 1.0 0.5 0.5 1.0 1.0 1.0 1.0 1.0
1.0 1.0 1.0 1.0 1.0 1.0 1.0 0.67
20.022972
0.5 1.0 1.0 0.5 1.0 1.0 1.0 1.0 1.0 1.0 1.0 1.0 1.0 1.0 1.0 1.0 1.0 1.0 1.0 1.0 1.0 1.0 1.0
1.0 1.0 1.0 0.67 0.67 1.0 1.0 1.0
20.172988
1.0 1.0 1.0 1.0 0.75 1.0 1.0 1.0 1.0 1.0 1.0 1.0 0.75 1.0 1.0 0.75 1.0 1.0 1.0 0.5 1.0 1.0 1.0
1.0 1.0 1.0 0.67 1.0 0.67 1.0 1.0
20.2836824
1.0 1.0 1.0 0.5 1.0 0.75 0.5 0.5 1.0 1.0 1.0 1.0 1.0 1.0 0.75 1.0 0.75 1.0 1.0 1.0 1.0 1.0 1.0
1.0 1.0 1.0 1.0 1.0 1.0 1.0 0.67
20.3119448
1.0 1.0 1.0 1.0 1.0 0.5 1.0 1.0 0.5 1.0 0.5 1.0 1.0 1.0 0.5 0.75 1.0 1.0 1.0 1.0 1.0 1.0 1.0
0.67 0.67 0.67 1.0 1.0 1.0 1.0 1.0
20.3166552
1.0 1.0 1.0 0.75 1.0 1.0 0.5 0.5 1.0 1.0 1.0 1.0 1.0 0.5 1.0 1.0 1.0 1.0 1.0 1.0 1.0 0.75 1.0
1.0 1.0 1.0 1.0 1.0 1.0 1.0 0.67
20.3414872
1.0 1.0 1.0 1.0 1.0 1.0 1.0 0.5 1.0 0.75 1.0 1.0 1.0 1.0 1.0 1.0 0.5 0.75 1.0 1.0 1.0 1.0 1.0
0.67 0.67 0.67 1.0 1.0 1.0 1.0 1.0
20.3600728
1.0 1.0 1.0 1.0 1.0 1.0 1.0 1.0 0.5 0.75 1.0 1.0 1.0 1.0 1.0 1.0 1.0 1.0 1.0 1.0 1.0 1.0 1.0
0.67 0.67 0.67 0.67 0.67 0.67 1.0 1.0
20.397756
0.75 1.0 1.0 1.0 1.0 1.0 0.5 1.0 0.5 0.5 0.5 1.0 1.0 1.0 1.0 1.0 1.0 1.0 1.0 1.0 1.0 1.0 1.0
1.0 1.0 0.67 1.0 1.0 1.0 0.67 0.67
20.40902
1.0 1.0 1.0 1.0 1.0 1.0 1.0 1.0 1.0 1.0 1.0 0.5 1.0 1.0 1.0 1.0 1.0 0.75 1.0 1.0 1.0 1.0 1.0
1.0 1.0 1.0 0.67 0.67 1.0 0.67 0.67
20.4152664
1.0 1.0 1.0 1.0 1.0 1.0 1.0 1.0 1.0 1.0 1.0 1.0 1.0 1.0 1.0 1.0 0.5 1.0 1.0 0.5 1.0 1.0 1.0
0.67 0.67 0.67 0.67 0.67 1.0 1.0 1.0
20.556476
1.0 0.75 1.0 1.0 0.75 0.75 1.0 1.0 1.0 0.5 1.0 1.0 0.5 1.0 0.75 1.0 0.75 0.5 1.0 0.75 1.0 1.0 1.0
1.0 1.0 1.0 1.0 1.0 1.0 0.67 0.67
20.5769048
1.0 1.0 1.0 1.0 1.0 1.0 1.0 1.0 1.0 0.75 1.0 1.0 1.0 1.0 1.0 1.0 1.0 0.75 1.0 1.0 1.0 1.0 1.0
0.67 0.67 0.67 0.67 0.67 1.0 1.0 0.67
20.6088024
1.0 1.0 1.0 1.0 1.0 1.0 0.5 1.0 1.0 0.75 1.0 1.0 1.0 1.0 0.75 0.5 0.75 0.5 1.0 1.0 1.0 1.0 1.0
1.0 1.0 1.0 1.0 1.0 1.0 0.67 1.0
20.6437208
1.0 1.0 1.0 1.0 1.0 1.0 0.5 1.0 1.0 0.75 1.0 1.0 1.0 1.0 0.75 0.5 0.75 0.5 1.0 1.0 1.0 1.0 1.0
1.0 1.0 1.0 1.0 1.0 1.0 1.0 0.67
20.6441304
1.0 1.0 1.0 1.0 1.0 1.0 1.0 1.0 0.5 0.75 1.0 1.0 1.0 1.0 1.0 1.0 1.0 1.0 1.0 1.0 1.0 1.0 1.0
0.67 0.67 0.67 1.0 0.67 0.67 1.0 1.0
20.9224536
1.0 1.0 1.0 1.0 1.0 1.0 1.0 1.0 1.0 1.0 1.0 1.0 0.75 1.0 1.0 1.0 1.0 1.0 1.0 1.0 1.0 1.0 1.0
0.67 0.67 0.67 1.0 0.67 0.67 1.0 1.0
21.0273112
1.0 1.0 1.0 1.0 1.0 1.0 1.0 1.0 1.0 1.0 1.0 1.0 0.75 1.0 1.0 1.0 1.0 1.0 1.0 1.0 1.0 1.0 1.0
1.0 0.67 0.67 0.67 1.0 0.67 0.67 1.0
21.0301784
1.0 1.0 1.0 1.0 1.0 1.0 1.0 1.0 1.0 1.0 1.0 1.0 0.75 1.0 1.0 1.0 1.0 1.0 1.0 1.0 1.0 1.0 1.0
1.0 0.67 0.67 0.67 0.67 0.67 1.0 1.0
21.0301784
1.0 1.0 1.0 1.0 1.0 0.5 1.0 1.0 0.5 1.0 0.5 1.0 1.0 1.0 0.5 0.75 1.0 1.0 1.0 1.0 1.0 1.0 1.0
1.0 1.0 1.0 0.67 1.0 0.67 1.0 1.0
21.0744152
1.0 0.75 1.0 1.0 0.75 0.75 1.0 1.0 1.0 0.5 1.0 1.0 0.5 1.0 0.75 1.0 0.75 0.5 1.0 0.75 1.0 1.0 1.0
1.0 1.0 1.0 1.0 1.0 0.67 1.0 1.0
21.1007832
1.0 1.0 1.0 1.0 1.0 1.0 0.5 1.0 1.0 0.75 1.0 0.5 1.0 1.0 0.5 1.0 1.0 1.0 1.0 1.0 1.0 1.0 1.0
1.0 1.0 1.0 1.0 1.0 0.67 1.0 1.0
21.1228504
1.0 1.0 1.0 1.0 1.0 1.0 0.5 1.0 1.0 0.75 1.0 0.5 1.0 1.0 0.5 1.0 1.0 1.0 1.0 1.0 1.0 1.0 1.0
1.0 1.0 1.0 1.0 1.0 1.0 1.0 0.67
21.1240792
1.0 1.0 1.0 1.0 1.0 1.0 1.0 1.0 1.0 1.0 1.0 1.0 1.0 1.0 0.5 1.0 1.0 1.0 1.0 1.0 1.0 1.0 1.0
0.67 0.67 0.67 1.0 1.0 0.67 0.67 1.0
21.1322712
1.0 1.0 1.0 1.0 1.0 1.0 1.0 1.0 1.0 1.0 1.0 1.0 1.0 1.0 1.0 1.0 1.0 1.0 1.0 1.0 1.0 1.0 1.0
0.67 0.67 0.67 1.0 0.67 0.67 1.0 1.0
21.1322712
1.0 1.0 1.0 1.0 1.0 1.0 1.0 1.0 1.0 0.75 1.0 1.0 1.0 1.0 1.0 1.0 1.0 0.75 1.0 1.0 1.0 1.0 1.0
0.67 0.67 0.67 1.0 0.67 0.67 1.0 1.0
21.1322712
1.0 1.0 1.0 1.0 1.0 1.0 1.0 1.0 1.0 1.0 1.0 1.0 1.0 1.0 0.5 1.0 1.0 1.0 1.0 1.0 1.0 1.0 1.0
1.0 0.67 0.67 0.67 1.0 0.67 0.67 1.0
21.1351384
1.0 1.0 1.0 1.0 1.0 1.0 1.0 1.0 1.0 1.0 1.0 1.0 1.0 1.0 0.5 0.5 1.0 1.0 1.0 1.0 1.0 1.0 1.0
1.0 1.0 1.0 1.0 1.0 1.0 1.0 0.67
21.2019032
1.0 1.0 1.0 1.0 1.0 1.0 1.0 1.0 0.5 0.75 1.0 1.0 1.0 1.0 1.0 1.0 1.0 1.0 1.0 1.0 1.0 1.0 1.0
1.0 1.0 1.0 0.67 0.67 1.0 0.67 0.67
21.452476
1.0 0.75 1.0 1.0 1.0 1.0 1.0 0.75 1.0 1.0 0.75 1.0 1.0 0.5 0.5 1.0 1.0 1.0 0.75 1.0 1.0 1.0 1.0
1.0 1.0 1.0 1.0 1.0 1.0 1.0 1.0
21.5645528
1.0 1.0 1.0 1.0 1.0 1.0 1.0 1.0 1.0 1.0 1.0 0.5 1.0 1.0 1.0 1.0 1.0 0.75 1.0 1.0 1.0 1.0 1.0
1.0 1.0 1.0 1.0 1.0 1.0 1.0 0.67
21.5965528
1.0 1.0 1.0 1.0 1.0 1.0 1.0 1.0 1.0 1.0 1.0 1.0 1.0 1.0 1.0 1.0 0.5 1.0 1.0 0.5 1.0 1.0 1.0
1.0 1.0 1.0 1.0 1.0 0.67 0.67 0.67
21.609148
1.0 1.0 1.0 1.0 1.0 1.0 1.0 1.0 1.0 1.0 1.0 1.0 1.0 1.0 1.0 1.0 1.0 1.0 1.0 1.0 1.0 1.0 1.0
0.67 1.0 1.0 0.67 1.0 1.0 0.67 0.67
21.659836
1.0 1.0 1.0 1.0 1.0 1.0 1.0 1.0 1.0 1.0 1.0 1.0 1.0 1.0 0.5 0.5 1.0 1.0 1.0 1.0 1.0 1.0 1.0
1.0 1.0 1.0 1.0 1.0 1.0 1.0 1.0
21.7266008
1.0 1.0 1.0 1.0 1.0 1.0 1.0 1.0 1.0 1.0 1.0 1.0 1.0 1.0 1.0 1.0 1.0 1.0 1.0 1.0 1.0 1.0 1.0
1.0 1.0 0.67 1.0 1.0 1.0 0.67 0.67
22.1869912
1.0 1.0 1.0 1.0 1.0 1.0 1.0 1.0 1.0 1.0 1.0 1.0 1.0 1.0 1.0 1.0 0.5 1.0 1.0 0.5 1.0 1.0 1.0
1.0 1.0 1.0 1.0 1.0 0.67 1.0 1.0
22.6589528
1.0 1.0 1.0 1.0 1.0 1.0 1.0 1.0 1.0 1.0 1.0 1.0 1.0 1.0 1.0 1.0 0.5 1.0 1.0 0.5 1.0 1.0 1.0
1.0 1.0 1.0 1.0 1.0 1.0 1.0 0.67
22.6601816
1.0 1.0 1.0 1.0 1.0 1.0 1.0 1.0 1.0 0.75 1.0 1.0 1.0 1.0 1.0 1.0 1.0 0.75 1.0 1.0 1.0 1.0 1.0
1.0 1.0 1.0 0.67 0.67 1.0 1.0 1.0
22.7120984
1.0 1.0 1.0 1.0 1.0 1.0 1.0 1.0 1.0 1.0 1.0 1.0 1.0 1.0 0.5 1.0 1.0 1.0 1.0 1.0 1.0 1.0 1.0
1.0 1.0 1.0 1.0 1.0 1.0 1.0 0.67
23.2372056
1.0 1.0 1.0 1.0 1.0 1.0 1.0 1.0 1.0 0.75 1.0 1.0 1.0 1.0 1.0 1.0 1.0 0.75 1.0 1.0 1.0 1.0 1.0
1.0 1.0 1.0 1.0 1.0 1.0 1.0 0.67
23.2372056
